0
-17819.5
0
1290.5
-896.1
6472.1
7589.5
0
0
-8.8
-3000
-7512.5
9833.1
-573.1
3090.3
0
0
2.3
-2898.6
-4135.4
366.5
-3210
15417.2
0
0
-2596.6
-2205.8
-3754.7
6348.1
-1264.9
-952.3
0
0
816.5
-4680.5
-2084.4
3831.9
-2652.1
5210.2
0
0
227.8
289.7
-7923.1
4802.6
-2944.1
820.6
0
0
-7
769.4
-6817.5
3097.8
1324.1
2845.4
0
0
-3034.6
-2060.9
3012.9
5699.3
-3455.5
3330.2
0
0
742.3
168.8
-0.1
-92
425
-177
0
0
11.7
-742.3
308.6
0.8
-81.8
-236.1
0
0
73.3
-9.4
280.9
-0.3
-3.4
-936
0
0
192.9
486.2
-201.6
-13.3
-5.3
-8.3
0
0
121
145.7
20.4
-143.4
62.6
-307.1
0
0
0
-30
-84.3
-46.2
82.9
-303.3
0
0
18.1
-45.2
231.3
57.3
9
0
0
0
169.6
299.3
-101.2
-131.4
180.6
-389.3
0
0
-17301.5
0
-1326.1
9.9
6919.7
6910.1
0
0
-7.1
-2673.5
-9419.5
11576.5
613
2750.4
0
0
-115.4
-4048
-2322.2
1043.2
-275
12599.6
0
0
-347.8
-1824.9
-3745.2
4309.9
859.5
987.2
0
0
-120.8
-5195.9
-3278.8
3481.7
-2870.6
5002.9
0
0
28.8
182
-8511.7
4308.3
-2337.8
-624.5
0
0
-19.2
1074.2
-7818.6
541.4
485.2
3943.1
0
0
-1117.1
-1483.1
2340.7
6118.6
-2101.2
2799.6
0
0
-0.3
-14661.1
190
-729.5
9042.8
3794.6
0
0
-0.2
-2335.3
-9798
10131.4
-1493.2
3860.3
0
0
52.4
-4056
-4754.1
-781.9
2274
9364.2
0
0
-2211.1
-853
-3619.9
5547.9
-1190.7
-369
0
0
1503.7
-549.5
-4141.4
3510.4
-998.3
2429
0
0
317.9
-10.8
-2502.8
3534.6
-5158.8
810.5
0
0
-19.1
3078.3
-6691.8
3043.4
656.3
774
0
0
-1639.9
-2431.9
751.3
4511.2
-1209.2
3028.6
0
0
0.8
-174.3
417.8
0.2
-82.4
-599.9
0
0
-0.2
618.7
152.8
-2.1
-3.7
0
0
0
1.5
0.1
79
613.9
-0.6
-314.5
0
0
79.8
-96.9
249.9
61
0
-321.3
0
0
401.3
-496.4
93
84.7
-767.9
612.1
0
0
0
0
-836.5
307.2
-0.1
0.1
0
0
1.3
541.9
-257.2
20.6
0.1
0
0
0
321.4
-20.9
-118.7
358.6
-317.2
-607
0
0
1746.2
-327.2
-11075.5
-208.9
3640.5
2403.4
0
0
20.7
-865.8
-1070.3
-247.1
2394.3
1492.8
0
0
910.5
2598.1
-4074.1
-1862.7
217.8
5791.1
0
0
-455.8
-661.9
-44.7
-711.9
204.9
418.6
0
0
1051.5
75.3
-1893.7
2128.5
-3303.5
1814.3
0
0
38.1
127.5
-618.2
-551.1
-840.1
-133.4
0
0
77.1
-205
-2375
2285.1
-958.1
-362.7
0
0
2525.5
-89.1
-1508.6
471.7
279.3
1731.6
0
0
904.1
0
1658.9
-1499.5
172
-334.1
0
0
-0.1
1421.9
207.1
-2592.6
-18.1
0
0
0
69
140.1
-93.6
212.3
101.7
-741.9
0
0
348.6
628.6
-73.2
-1314.4
-734.5
-171.6
0
0
776.2
-4.6
1596.5
-677.1
-286.4
-653.6
0
0
0.3
-50.7
1213.9
-101
-92.2
-58.9
0
0
41.7
2079.3
-926.6
-60.1
-15
-920.2
0
0
910.1
-50.2
958.6
-1414.8
27
-582.9
0
0
15194
1549.6
-843
-1877.5
169.6
633.8
0
0
539.5
1187.2
-10946.5
-3789.9
-472.5
-1714.3
0
0
568.3
2404.9
1743.9
-2858.7
-2293.7
-2339.6
0
0
2742.8
5872.7
1533.9
-11784.2
5491
196.9
0
0
5226.9
1519.8
1066.4
-2765.4
-642.8
-4385.2
0
0
124
98.6
5847.6
-2983.3
1842.2
-1529.5
0
0
247.9
-907.3
5324.2
-496.2
-1084.4
-4218.5
0
0
5699.7
2005.9
-3242.7
-6484.5
1361.5
-2533.1
0
0
0
0
0
-354.3
34.9
287
0
0
0
-34.5
-27.1
-11.1
72.7
0
0
0
9.2
66.3
-93.7
-49.8
0
100.1
0
0
0
-45.8
-0.4
11.8
34.7
0
0
0
194.1
239.6
-463.7
30.2
0.1
0.1
0
0
27
11.4
187.1
-237.8
-215.6
15.3
0
0
8.5
196.6
-236.3
-2.1
-20.3
0
0
0
7.7
-33.2
-8.4
245.5
0
54.2
0
0
16550.9
216.1
-4253.7
-14176
13569.6
0
0
0
975.3
-5887.8
-624.7
-5794.6
-35.3
-14.5
0
0
2499.4
-714.5
-3800.4
-1397.6
-756.7
1826.3
0
0
3209.9
4061.7
-291.7
-9033.4
5194.2
-16.3
0
0
4226.8
1908.3
-115.6
-1940.2
-2863.1
-1865.9
0
0
6.4
-545.3
4881.3
-1864
-1047.2
-1244.9
0
0
303.7
1330.9
1224.2
231.3
-1646.3
-2671.3
0
0
5936.5
956.1
-1142.4
-5262.2
2100.6
-2203.9
0
0
0
0
0
0
-128
128
0
0
0.1
-69.3
-19.6
0
0
128
0
0
0.3
0
-128.3
0.1
0
127.9
0
0
0.1
-108.5
-0.1
-0.2
0
69.4
0
0
0.2
-39.2
0
39.1
0
-0.2
0
0
69.3
0
-59.1
-0.2
0
0.1
0
0
59.4
0
-0.1
-59
0
0.1
0
0
0.3
-69.3
-0.1
0
0
58.8
0
0
10287.6
1830.1
-48.8
-14228.4
-2780.6
18825.3
0
0
-3879.3
393.5
-182.4
-5513.1
-127.8
-17.6
0
0
-904.5
1756.1
-236.5
-544.2
-689.4
-4985.9
0
0
1764.7
4033.7
3014
-10442.1
4117.9
-34.9
0
0
4393.2
2039
2061.7
-4380.5
-910.5
-3367.2
0
0
-364.4
-191.2
6009.9
-3389.7
1674.9
-1355.9
0
0
-287.3
-761.6
5844.5
-2975.4
-943.2
-1799.2
0
0
5346.2
2312.9
-3896.5
-5431.5
1473.3
-2508.9
0
0
0
0
0
0
0
0
0
0
0
0
0
0
0
0
0
0
0
0
0
0
0
0
0
0
0
0
0
0
0
0
0
0
0
0
0
0
0
0
0
0
0
0
0
0
0
0
0
0
0
0
0
0
0
0
0
0
0
0
0
0
0
0
0
0
3060.8
-0.1
2.5
-13
-563.4
-2494.7
0
0
3065.6
-8.2
66.7
-121.4
-2.3
-2986.6
0
0
1484.4
-0.9
420
-280.9
-384.1
-2019.4
0
0
3098.9
-2.1
115.1
199.1
-4349.9
784.4
0
0
3092.3
0
-18.3
-480.7
-242.7
-1250.1
0
0
-6.2
-18.1
1802
920.5
-536.7
-3514
0
0
3816.6
-520.4
36.1
55.9
-851.4
-1339.3
0
0
3084.1
-9.8
-4.2
-297.3
-1091.3
-1697.5
0
0
2.6
-2.5
0
-1.9
2.5
0
0
0
1.9
0
-2.6
0.1
0
0
0
0
2
-0.3
-0.1
3.3
-2.5
1.3
0
0
2.4
-2.5
-2.2
1.4
0.9
-3.3
0
0
0
0
-0.7
-1.7
0
0.1
0
0
0
0.2
-0.1
0.1
0
-0.2
0
0
-0.1
0
0
0.3
-0.2
0
0
0
0
0.2
1.8
0
0
-0.2
0
0
-4.2
-0.1
0
0.1
3.4
0.8
0
0
-4.3
0
0
0
0
0
0
0
-0.1
0.1
0
0
0
4.3
0
0
-0.1
-4.3
0.1
0
2.4
1.9
0
0
0
0
-2.4
2.4
0
0
0
0
0
-0.5
-1.9
-0.1
0.1
4.3
0
0
-0.1
0.1
0
-3.7
1.8
0
0
0
0.1
-3.8
0
0
-0.1
3.8
0
0
71
0
-1.2
2.3
6.4
-65
0
0
53.6
6.9
-1
-73.5
-34.7
50.4
0
0
60
4.9
1
-2.2
2.2
-60.6
0
0
66.2
-9.2
0.2
-3081.7
2941.7
71.3
0
0
5.2
-9.2
-35.4
-24.9
-12.9
-130.6
0
0
1.2
-1.1
143.4
-7.2
-0.6
-85.7
0
0
309.7
-3.2
-269.3
183.8
11.3
-109.4
0
0
131.9
1
-43.8
0.1
-1.3
-62
0
0
-3051.6
-40.2
-5452.9
5525.3
-2427.2
5447.1
0
0
10.9
-9447.3
121.3
-1.5
5829.4
1500.5
0
0
499.9
104.5
-4219
1948.2
-248.1
6284.6
0
0
-570.5
-1704.8
-406.8
-1805
1928
1069.6
0
0
416.2
-5008.2
-1921.6
3677.8
-297.1
1092.7
0
0
-5.6
8.7
-1038.6
-886.4
-315
105.9
0
0
159.3
-1600.7
-3882.1
5298.8
-2884.6
1806.2
0
0
263.5
-213
416.5
-959.4
1900
2972.3
0
0
3813.8
350
-6062.1
-791
1053.9
-907.1
0
0
0
6371.7
-518.2
-311
-612.2
-2796.5
0
0
89.8
-47.5
1249.2
-1.6
-321.2
-3582.2
0
0
460.7
1515.5
256.9
-3127.8
-869
-288
0
0
839
856.9
3495.2
-1439.2
175.7
-1742
0
0
0
-446.8
2697.3
-65.7
14.4
-196.1
0
0
0.3
5005.6
-2019.8
287.5
-160.4
-1880.2
0
0
3367.4
-393.1
1012.6
-3419.1
814.4
-1730
0
0
1528.1
-28.8
2331.1
-2524.6
2568.7
-3617.3
0
0
0
4099.6
436.2
2112.3
-2046.7
-1729.7
0
0
523.3
0
-5454.3
-527.9
683.1
741.1
0
0
3117.8
145.7
-614.3
-281.1
646.7
-669.2
0
0
1893.9
-267.2
489.4
-3698
700.2
497
0
0
0
-170
-2506.1
774.8
836.6
-989.9
0
0
59.3
447
2952.1
-2034.3
353.4
305.6
0
0
2290.8
544.3
728.4
1051.9
-1524.5
-4174.5
0
0
-5553.2
-1012.1
-1367.8
-362.4
12427.6
6547.9
0
0
-0.1
47.8
-19964.3
-170.2
1250.1
2262.3
0
0
673.1
-3989.1
-5656.7
-112.9
2849.2
12691.7
0
0
-1472.1
-1828
-4843.7
7244.9
-1332
-62.7
0
0
-691.9
-3135.9
-3301.9
3090.8
-428.4
4277.7
0
0
53.4
19.8
-4771.7
4687.1
-6528.6
554
0
0
102.1
5719
-10463.5
1428.3
1007.9
2332.5
0
0
-485.3
-2099.9
1493.7
6013.3
-513.2
3373.4
0
0
17862.6
2374.3
942.5
-21703.1
-64.8
-268.6
0
0
-1.5
411.7
18284.6
-11284.6
-303.9
-5253.2
0
0
528.5
2647.6
3799.7
15.7
-874.1
-9739.6
0
0
3407.7
4299.7
3778.4
-11845.5
4628.8
-282.7
0
0
4761.1
1601
2469.9
-3219.2
325.5
-6383.8
0
0
0.4
-72.4
6975.3
-5012.2
5321.1
-2489
0
0
22.5
-2679.1
10291.2
-4239.2
1116.1
-5648.4
0
0
5808.7
2422.2
-3058.7
-5779.9
1446.7
-5340
0
0
6432.7
3211.8
111.4
25.9
-7265.8
-2383.6
0
0
1
-106.2
10136.8
-8269.3
-968.8
-331.5
0
0
485.3
6746.1
847.9
-9404.1
22.3
172.6
0
0
1014.6
920.4
805.3
-2539.1
826.8
6.9
0
0
510.9
984.1
1932.8
-668.2
-720
-2614.3
0
0
0
-44.2
2138.7
-4481.8
5103.5
-678
0
0
34.7
-1798.5
3861
-1324
375.5
-2074.7
0
0
1687.8
1000.8
1254.4
-3613.9
153
-1519
0
0
-3030.9
4852.5
-5033.8
196.3
2080
4366.4
0
0
-0.1
117.5
-54.7
-7515.3
207.4
1499.4
0
0
249.8
-250.8
-4013
-1200
426.6
7222.4
0
0
-415
70.4
-1858.3
3173.3
-1264.2
0.1
0
0
-628.8
-2400.6
-413.3
518.2
855.7
257.7
0
0
1.1
91.1
-2680.9
1737.5
-1761.7
-146.5
0
0
366.8
1711.6
-2903.1
-328.1
2168.3
976.8
0
0
-651.7
-1118.3
-368.3
3446.4
-106.7
1550.8
0
0
1056.9
3720.9
-4486.4
125
4219.2
0
0
0
0.1
111.7
828.7
-6429.1
-269.7
49.2
0
0
113.3
203.8
-3130.9
-41.3
133.9
3309.5
0
0
920.8
350.4
-1700.4
2051.9
-331.2
0.2
0
0
782.1
263.9
-1511.2
-413.5
-2315.8
2035.2
0
0
10.9
-51.3
-359.6
851.8
-2298.9
-476.5
0
0
9
4017.3
-3552.5
-492.5
39.8
-305.1
0
0
1361.8
-459.3
2609.3
243.8
285.1
-1080.3
0
0
1317.5
225
-886
-437.9
2099.2
-1163.9
0
0
0
77.7
659.4
-1540
-643.3
619.3
0
0
26.2
-56.6
-635.4
70.4
-96.1
0.1
0
0
462.7
285.4
-795.9
919.4
-68.5
0
0
0
443.1
367.5
-422.8
-1414.4
714.3
52.1
0
0
1.1
-21.8
218.8
1079.7
-1019.8
-372.9
0
0
5.3
875.3
-192.2
-838.8
189.7
-82.6
0
0
247.3
749.4
-448.2
475.2
-199.2
-844.8
0
0
2656
-362.5
-2581.8
-185.7
1604
824.4
0
0
0
-32.4
169.5
-465.1
-2238.7
0
0
0
708.4
-387.4
-1310.4
-555.2
401.8
1065.3
0
0
408.4
-93.3
-595.3
1594.4
-1159.4
-0.2
0
0
-58.3
-1000.3
643.3
-937.3
817.4
78.5
0
0
2.1
0.9
-320.9
912.7
-914.2
-240.8
0
0
39.1
1363.3
-1266
-210.6
777.4
74.8
0
0
579.8
-492.7
190.3
533.7
-93.9
56.9
0
0
252.4
5.3
-611.7
0
-38.6
1037.8
0
0
0
0
-0.2
0.2
-1037.8
181.8
0
0
201.6
-485.9
-407.9
6.1
-16.2
911.9
0
0
-46.1
-5.7
-316.5
450.3
-5.8
0
0
0
26.1
-228.2
-451.3
349.8
154.7
1.9
0
0
45.7
4.7
-374.9
218.1
-329.8
42
0
0
75.7
210.8
-392.1
94.8
-14.3
292.9
0
0
-43.9
-374.1
137.7
362.1
-54.8
171.4
0
0
378.3
-0.6
-742.1
0
511.1
540.6
0
0
0
0
-0.4
4.5
-1154.7
198.3
0
0
176.6
-604.8
-379.9
-38.1
-7.2
1155.1
0
0
-42
-19.5
-623.4
634.1
0.4
0
0
0
66.3
69.8
-560
231.5
98.9
2.8
0
0
41.7
0.4
-208.9
141
-168.4
68.5
0
0
43.4
151
-276.1
62.1
-9.3
140.5
0
0
-40.9
-398.6
150.6
450
-184.5
141.9
0
0
1269.6
-1057
118.5
-95.9
0.4
-20
0
0
0.2
-71.8
172.2
-384.9
155.4
979.1
0
0
-178.5
-310.8
57.5
-82.1
-0.5
-1270.8
0
0
478
646.5
-24.4
-7
44.3
-0.1
0
0
33.7
1099.4
-1
-446.9
-826
-350.1
0
0
0
-34
1226.6
-1096
392.3
-444
0
0
-5.2
1474.8
135.3
-390.8
-593.6
-638.8
0
0
1563.1
465.8
17
-1497.7
-15.3
-486.5
0
0
0
0
0
0
0
0
0
0
0
0
0
0
0
0
0
0
0
0
0
0
0
0
0
0
0
0
0
0
0
0
0
0
0
0
0
0
0
0
0
0
0
0
0
0
0
0
0
0
0
0
0
0
0
0
0
0
0
0
0
0
0
0
0
0
0
0
0
0
0
0
0
0
0
0
0
0
0
0
0
0
0
0
0
0
0
0
0
0
0
0
0
0
0
0
0
0
0
0
0
0
0
0
0
0
0
0
0
0
0
0
0
0
0
0
0
0
0
0
0
0
0
0
0
0
0
0
0
0
-1012.4
5.8
-155.3
210.8
78.6
1063.8
0
0
-2.1
-388.1
-612.8
310.3
47.4
802.4
0
0
-1379.3
0
2.2
0.6
23.5
984.7
0
0
-561
-584.9
21.9
181.8
169.3
260.6
0
0
-391
-186.8
11.6
260.5
139.1
607.4
0
0
30.6
50.2
-874.9
3233.6
-188.7
267.1
0
0
25.3
54.4
-748.9
257.7
6.2
-2182.7
0
0
-606.1
-222.3
-49.1
-83.3
2683.2
-1560.9
0
0
-0.1
0.1
0.3
0.3
-1.3
0.7
0
0
0.5
97.8
-33.6
-15.1
-2.77556e-017
0
0
0
-49.1
49.5
0
0
0
-0.5
0
0
0.1
0.4
-11.6
-22.8
0.1
0
0
0
2.77556e-017
-34.3
0
0.2
-0.6
34.7
0
0
0
0.6
-0.6
0.5
0
21.3
0
0
-0.1
-0.5
-21.6
11.3
-11.2
0
0
0
0.1
-14.6
-22.5
0.1
0
21.5
0
0
-244.8
21.5
0
-1.6
-64.6
307.4
0
0
0.8
-375.2
118.1
-105.1
-32.8
374.3
0
0
-219.5
0
0
0
-8.5
245.5
0
0
-287.2
225.9
29.4
-9.9
-1.7
0
0
0
-326.4
6.3
9.8
-18.8
-33.9
365.5
0
0
0
11.2
-333.6
21.6
6.3
304.4
0
0
7.7
-358.7
68.6
-49
-30.8
374.4
0
0
-371.1
90.9
39.3
-7.6
10.9
241
0
0
4538.5
-413.2
84.4
-152.4
1.9
-3997.2
0
0
2082.4
1824.2
-197.5
409.6
-743.4
-3659.6
0
0
4520.2
0
-661.4
-173.9
-130.7
-3899
0
0
4288.6
2053
-1041.1
8037
-5785.7
-4069.1
0
0
1363.6
272.2
-21.1
-3424.9
-1307.7
1011
0
0
10.9
116.5
256.4
-5467.2
-291
-1888.7
0
0
4397.1
269.3
5729.1
-2452.6
-1050.7
-584.8
0
0
3442
106.5
-78.5
-154.4
-515.2
-2653.4
0
0
-3737.2
-1411.3
-2327.8
412.1
7094.4
5562.4
0
0
-0.2
-220.2
-13089.5
6934.4
135.5
-762.3
0
0
6
-8546
-3858.2
-779.5
2051.2
13267.7
0
0
-29.9
-340.9
-3828
5071
-48.8
15
0
0
-1828
-715
-4538.9
3999.8
-1447.4
1992.8
0
0
50
65.5
-1333.4
3922.1
-5476.6
312.5
0
0
168.5
4425.2
-5746.3
96.3
246.1
-310.3
0
0
-1280.2
-1805.7
1403.7
3924.9
-401.2
2705.7
0
0
3391.7
588.9
-14.2
4.5
-3114.1
-857.8
0
0
5.9
97.2
-3878.3
-110
14.3
0
0
0
0
3841.8
133.3
0
1.5
-99.8
0
0
2.4
480.3
290.1
-907.5
-0.4
-11.3
0
0
3.9
327.5
597.7
690.7
265.3
-1728.8
0
0
0
-5.6
748.9
-2287.6
2824.8
-0.4
0
0
0
-1533
1564.3
4.8
281.9
-1011.5
0
0
1147.4
-361.2
-42.1
-603.1
-2.8
-739.6
0
0
2183.1
8.9
-11.2
0.1
-171.3
-1997.7
0
0
-0.1
-0.1
2070.8
-607.4
-7.9
-1572.7
0
0
-0.1
2192
-0.2
0
14.8
-2098.8
0
0
1651.5
242.3
-2185.3
-6.2
-0.5
0.1
0
0
1647.4
279.5
0.2
-51.3
170.4
-1750.9
0
0
0
-8.1
1577.4
-465.4
524
-28
0
0
-0.2
-30.2
1892.7
16.5
-14.1
-1565.8
0
0
246.8
-155.5
-8.8
0.5
-0.5
-1980.7
0
0
-3456.3
3173.8
-3972.2
6234.2
-2476.8
3244.3
0
0
50.7
-3045.7
-3055.4
-457.1
900.6
5912
0
0
1.5
1256.7
-10336.9
-566.1
464.1
9493.2
0
0
-637.8
-10.5
-1474
-1094.5
632.3
355.3
0
0
-718.4
-1680.9
-4627.4
5405.9
-1831.2
1365.2
0
0
54.6
125.8
211.7
2912.2
-1764.1
-449.2
0
0
0.8
-2998.2
-938.6
4682.1
-2291.9
650.3
0
0
-2073.5
-126.1
-2290.8
3047.8
139.9
2058.6
0
0
6095.5
-1116.6
3932.6
-3833.7
4449.9
-8321.7
0
0
0
2925
2730.8
-10711.7
510
-116.5
0
0
441.9
-43.6
7939.3
-2622.1
77.2
-4902
0
0
5155
3398
-1506.1
261.5
903.9
-189.3
0
0
2553.9
3089.3
-388.4
-8194.4
1695.4
29.1
0
0
21.1
-85.7
-2046.6
-544.9
1762.7
-1619.9
0
0
3.4
-551.7
3600.6
-4940.8
752.2
917.8
0
0
2291.1
2221.1
0.3
1531.6
-471.3
-7083.2
0
0
12658.9
1860.8
531.3
-2511.3
1813.4
-12080.8
0
0
2276
10879.2
-1989.3
-63.8
-2457.6
-12348.3
0
0
240.6
-85.4
13151.8
-1434
389.3
-11974
0
0
7101.6
5076.6
-2979.8
-11734.5
-262.7
-271.5
0
0
11945.8
1152.1
1451.3
-4228
981.4
-8290.3
0
0
27.9
-475.4
8694.6
-8289.1
-345.1
-123.9
0
0
4884.2
9087.2
-2451.9
-2393.3
543.5
-7918.5
0
0
9616
53.9
1588.6
-2130.4
-1975.8
-7191.3
0
0
2945.3
4547.2
-142.6
-2917.8
-3085.6
1691.8
0
0
222
-1089
-4243
-6160.5
69.4
5120
0
0
365.2
3290.8
-225.7
-4570.6
652.2
5617.3
0
0
-495
1672.8
-1454.2
-2473
1147.1
302.1
0
0
922
802.6
-2967.8
2248.1
-3015.6
1301.4
0
0
169.9
-38.4
2143.4
-826.1
-45.7
-568.3
0
0
343.8
-1400.1
808.8
-381.6
-1149.1
321.9
0
0
433.6
564.5
-313.5
-1312.5
-227.5
1400
0
0
-1144
0.6
-218.3
218.3
495
668.9
0
0
0
-205
-480.4
-3.7
1333.9
0
0
0
0
495
-446.7
-1382.6
0
1362.3
0
0
-64.3
-782.9
-19.7
-20.2
0.3
109.4
0
0
-655.6
-23.9
-85.5
-273.2
491.4
603.6
0
0
19.9
0
-645.1
1146.4
-501.1
-48.3
0
0
-0.2
-757
115.4
6.6
-19.9
651.4
0
0
-535.8
-449.6
361.7
675.2
0
7.7
0
0
-293.6
3.5
-0.8
-34
294.9
0.1
0
0
0
30.7
-295
294.4
0
0
0
0
0
0
0
-261
-3.3
-30.8
0
0
3.3
-263.5
0
294.1
-33.9
0
0
0
-0.2
0
34
-34
0
294.6
0
0
0
2.6
-293.7
0
-0.1
-3.5
0
0
-0.1
30.8
-325.1
4
-3.3
294.4
0
0
0
3
-0.2
294.4
0.1
-2.8
0
0
6430.9
1157.7
-4150.6
-245.8
-694.7
-985.3
0
0
97.3
-645.4
786.3
-6021.6
-345.1
302.4
0
0
1353.5
1495.6
-1035.3
-4149
7329.1
0
0
0
1387.7
1546.9
-1054.6
-1573
1101
6.9
0
0
1526.8
508.1
294.1
-1902.4
-551
-1444.6
0
0
3.1
-30.3
2848.5
-1921.5
1566.7
-1046
0
0
35
-1573.5
3452.2
-2005.8
-1493.7
-237.8
0
0
1065.2
1950.7
514.9
-2172.2
-995.8
-485.6
0
0
381.8
-1236.9
-14
14
0
855.1
0
0
0
-128.4
-740.7
0
0
-367.8
0
0
0
0
0
0
367.8
-381.8
0
0
-100.6
908.6
-14
0
0
14.1
0
0
693.3
1649.1
-1447.8
442.9
-328.3
-894.6
0
0
0
0
1953.8
-2342.4
-0.2
0.2
0
0
-0.2
1939.8
-840.8
14
-14
-1236.9
0
0
1374.7
0
-138
-1236.9
0
855.1
0
0
1.94289e-016
0
-15.9
15.9
0
-1.94289e-016
0
0
3.2
-19.1
-1.94289e-016
-0.1
0
16
0
0
0
0
0
0
-15.9
-1.94289e-016
0
0
15.9
3.2
-15.9
0
0
15.9
0
0
3.3
-3.2
-15.9
-0.1
0
16
0
0
0
0
-0.1
-3.1
0.1
-0.1
0
0
0
-15.9
15.8
15.9
-15.9
0
0
0
0
1.94289e-016
-0.1
0
0
0.1
0
0
3546
1317.3
-2657.6
-254.5
-2628.1
-871.3
0
0
-893.8
-41.5
70.8
-3634.6
151.2
-2.8
0
0
148.5
1395.9
678.9
-3647.5
-1327
9380.6
0
0
537.3
1678.4
-3.4
-2886.4
1725.7
7
0
0
991.5
847
1334.3
-1530.3
-2343.1
-242.2
0
0
-9.2
-35.8
2917.8
-3580.4
2503.4
-403.7
0
0
-27.5
-1829.6
3278.1
-1546.6
-1139.5
-237.8
0
0
1068.8
1860.6
383.6
-3596.5
12.2
-464.2
0
0
0
0
0
0
0
0
0
0
0
0
0
0
0
0
0
0
0
0
0
0
0
0
0
0
0
0
0
0
0
0
0
0
0
0
0
0
0
0
0
0
0
0
0
0
0
0
0
0
0
0
0
0
0
0
0
0
0
0
0
0
0
0
0
0
0
0
0
0
0
0
0
0
0
0
0
0
0
0
0
0
0
0
0
0
0
0
0
0
0
0
0
0
0
0
0
0
0
0
0
0
0
0
0
0
0
0
0
0
0
0
0
0
0
0
0
0
0
0
0
0
0
0
0
0
0
0
0
0
1830.6
-203.5
-866.1
-536.2
-1940.2
1581.8
0
0
131.1
1852.1
-1602.6
-3886.3
976.3
1869.6
0
0
268.3
750.3
-1101.9
-1338.8
-384.5
3744.2
0
0
1017.9
86.6
1015.5
-4281.6
-2572.1
481.7
0
0
1202.9
-287
840.5
-3238
1644.8
1011.5
0
0
172.4
570.9
3064.6
-1120
-68
-699.4
0
0
537.1
3958.2
496.1
553.6
163.2
-4971.4
0
0
1872.6
-924.8
1166.4
-5664.4
3503.3
-677.3
0
0
-1980.6
7.7
-59.5
0
1.7
1972.7
0
0
20.5
-2.5
-2077.5
125.9
-130.4
1191.1
0
0
24.5
2005.4
-1980.3
-2.6
0
2000.2
0
0
-2033.6
47.1
2.8
874.1
-4.5
-5.9
0
0
-1428.5
54
-359
331.8
-648.8
2000.1
0
0
0
-9.9
-1252.6
1154.4
-5.7
-73
0
0
0
312.7
-991.7
38.3
-16.9
334.6
0
0
-1205.7
-237
-9
49.6
376.9
1589.1
0
0
2465.8
9.5
-0.1
0
5.4
-2481.7
0
0
-5.6
445.2
1982.7
-146.9
-100.5
-2139.3
0
0
432.6
403.4
1583.4
-0.2
3.1
-2482.3
0
0
2943.4
-41.2
0.6
-118.3
-18
-576.1
0
0
754.7
-2983.1
2138.9
13.5
-204.8
0.4
0
0
0
-15.9
279.5
-213.3
-33
-574.9
0
0
-0.5
35.6
2886.7
-87.4
133.7
-2162.4
0
0
724.1
62.6
24.5
-0.1
-16.2
-2927.5
0
0
-3253.6
-378.6
-789.5
431.1
2.9
3356.8
0
0
-18.1
-590.7
-3298.6
123.2
597.9
2969.7
0
0
-161.2
-1742.9
-539.2
801.5
-21.6
2985.6
0
0
-4522.6
1536.3
628.9
1229.1
-2.4
-100.6
0
0
-1953.7
-272
-519.3
1118.1
-1955.3
2673.8
0
0
3.4
-91.6
-1228.6
-524.8
-784.2
1647.8
0
0
219.6
1813.6
-3905.8
1181.1
-7.7
2200.9
0
0
-1545.8
-1054.7
-54.3
149.2
1855.6
1791.3
0
0
-9013.3
-690.5
-234.4
6218.9
2039.4
4032.8
0
0
0.5
-6178.6
-6766.4
2118.7
3889.6
4566.5
0
0
-198.2
-3222.6
-5781.6
1471.8
-120.3
11371.7
0
0
-2198.5
-14769.9
-183.5
8406.7
1762
992.4
0
0
-1927.4
-3537.1
-4476.8
5006.4
-2009.4
5940.6
0
0
202.2
287.7
-6829.4
5618.4
-600.7
403.1
0
0
5.5
-1471.3
-5005.7
5369.7
-2386.6
4669
0
0
-3765.4
-710.4
3226.2
1939.2
190.5
2348.5
0
0
-738.1
-557.8
-278.2
-503.5
198.2
1070.8
0
0
-0.8
-3.8
-1037.4
-80.1
614.6
151.7
0
0
160.2
0.3
-26.7
575.6
9.7
1052.8
0
0
-1026.7
-383
-374.3
484.1
239.9
66.1
0
0
-229.9
-1687
1326.6
1397.9
67.7
-679.4
0
0
0
-84.8
27.6
1002.2
-1545.6
642.3
0
0
0.5
597.1
-1199.6
1213.6
5
-677.8
0
0
198.6
-959.9
-16.8
-305.4
-305.9
1599.4
0
0
9765.2
-520.2
1454.6
-4772.9
-4623.4
-21.1
0
0
3.5
7378.5
2029.1
-4002.7
-2023.1
-2152
0
0
90.3
571.8
-1117.3
-782.7
-812.6
-4114.4
0
0
3276.2
9960
164
-9886.9
-427.6
-429.3
0
0
500
2260.9
-6646.7
-1826.1
610
516.9
0
0
0
-83.6
5939.3
-1046.4
4090.2
-2969.3
0
0
5.3
4145
4039.2
-3168.2
285.2
-4304.5
0
0
7182.4
536.6
-517.7
-4767.3
571.4
-4359.6
0
0
-9623.1
2779.3
648.6
-399.3
3931.6
1430.1
0
0
171.7
-3773.6
-5296.5
2981.5
357.5
1338.4
0
0
-116.8
75.1
1302.6
148.3
2835.4
6768.4
0
0
-58.4
1882.3
-16846.4
8158.7
-99.2
-253.8
0
0
-1578.5
-5705.5
-107.2
641.7
-2663.9
7272
0
0
172.1
110.1
-9423.8
6325.9
-543.9
1038.9
0
0
-15.2
1095.8
-6885.7
2776.1
539.9
7178
0
0
-4634
-555.1
2066.9
5248.8
-1189.7
493.9
0
0
1477.9
119.7
-240.2
-409.9
-459.5
210.5
0
0
1.2
184.4
-205.9
-345.8
-185.3
-147.2
0
0
1.5
0
127.6
-2046
1177.3
-764.4
0
0
-162.9
100.5
1637.5
-242.2
600.1
0
0
0
28.8
999.3
3.7
-155.9
-729.2
-523.3
0
0
0.1
-25.7
1103.8
-770.1
24.5
-74.6
0
0
1.1
503.6
332.8
-224.3
174
-707.3
0
0
846.8
60.9
-401.1
-1333.9
294.8
142.3
0
0
8168.1
609.5
-1256.8
303.4
-3103.8
-3540.8
0
0
38.2
2751.8
3244.3
-4636
411.4
-2439.1
0
0
111
3433.8
1465.1
925.7
-553.1
-7084.4
0
0
787.8
-8.2
7156.8
-3438.4
-401.1
-1980.6
0
0
3068.9
3641.1
71.3
-8317.3
17.7
0
0
0
5.8
-46.6
4902.1
-5373.7
559.5
264.2
0
0
112.9
3047.8
1654.4
-863.8
-962.1
-1534.8
0
0
1744.8
873
31
-3791.2
2309.1
-2378.7
0
0
8597.8
198.2
-1856.3
-1115.7
-81.8
-5970.4
0
0
2279
3625.1
-1578.5
-31.4
-2137.8
-5390.7
0
0
657.6
1189.6
-1680.5
-1509.1
492.4
-3830.5
0
0
6312.9
3651
-2678.8
-1638.7
302
556.9
0
0
7295
-522.6
-1168.5
327.1
851.3
-7532.2
0
0
53.5
168
9427.5
-8012.3
-784.8
622.9
0
0
6342.5
2186.6
-1049.9
1857.4
85.7
-6969.1
0
0
4872.4
-1053.4
197.6
-994.7
-4674.2
111.9
0
0
541.5
22.9
688.7
-813
939.8
-879.1
0
0
0.4
1448.3
-346.8
-448.5
-1154.8
-7.9
0
0
-10.8
136.4
-138
215.7
-1866.7
-0.1
0
0
2.4
601.5
-119.1
40
-702.1
0
0
0
418.2
939.7
493
-667.8
14.5
94.2
0
0
4.7
-0.5
126.3
60.6
-138.7
-9.3
0
0
104.3
1551.9
-1372.2
-388.6
186.5
103.2
0
0
465.8
180.9
590.5
-747.3
8.6
-169.2
0
0
4569.1
-473.1
-684.1
-4.8
426.1
-1645.1
0
0
0.3
1870.5
-1088
-679.7
-85.1
-2268.8
0
0
77.2
-716.9
-160.8
0
-205.3
-3139
0
0
124.2
1037.1
121.5
1958.7
-798.1
0
0
0
2492.7
2588.8
-411.5
-868.2
-2835.1
0
0
0
0.5
-30.5
2723.9
-1310.7
-118.8
-182.9
0
0
207.1
669.8
288.8
-70.2
34.5
-2053.3
0
0
2798.1
597.2
-779.5
-2139.6
779.7
-616.7
0
0
2658.7
-664.7
944
-1106.5
44.6
-1515.1
0
0
566.1
-46.9
1008.5
-669.4
-1028.8
-1347.9
0
0
896.6
-135
-588.8
-520.6
625.1
-2309.6
0
0
1458.7
125.9
-674.5
-1982
3926.4
0
0
0
1630
250.1
-738.2
546.2
-84.9
-1521.6
0
0
102
-50.1
2239.5
-1524.6
21.8
13
0
0
552.6
85.7
-87.5
-67.3
13
-552.4
0
0
1056.3
-991
308.6
-1524.9
-67.1
726
0
0
47.1
-13.4
-87.2
0.4
21.5
185.9
0
0
-0.1
-49.5
-60.3
-53.9
3.1
0
0
0
7.2
-16.3
-23.6
0
0.8
262
0
0
0
-7.8
-97.4
135.4
-261.8
0
0
0
0.2
-31.2
-99.1
83.2
-43.1
2.8
0
0
50.6
-8.1
-35.8
2
11.5
-0.5
0
0
8.6
-17.3
6
120.4
2.8
0
0
0
-132.6
-14.5
6.9
34.9
5.5
54.7
0
0
-19.4
-1.3
-0.1
0
18.4
3.7
0
0
36.6
36.5
-94.6
21.6
0.1
0
0
0
-1.5
-18.5
-1.1
0
0
20.9
0
0
0
0.2
-0.2
36.6
-59.2
0
0
0
20.6
-37.5
-21
0
0
59.2
0
0
0
0
-2.6
1.9
0.1
17.5
0
0
-2.3
0.6
-17.9
-0.1
2.3
0
0
0
-55.3
55.3
-2.6
1.7
1.2
0.2
0
0
3288.1
-627.8
1124.2
-1171.1
-318.9
-2283.3
0
0
167.4
1007.7
743.6
-593.3
-1802.9
-923.7
0
0
-74.1
-375.5
-32.7
-471.7
611.5
-2785.7
0
0
2110.4
-47.6
-268.4
-2880.2
372.9
4969.9
0
0
2319.3
-185.5
192.4
289.8
-342.3
-1881.6
0
0
-55.9
-48
2836.2
-2097.7
0.3
-0.9
0
0
542.3
203.7
66.5
-216.7
114.4
-1231.4
0
0
1811
-974
266.5
-1080.3
-98.7
-168.2
0
0
0
0
0
0
0
0
0
0
0
0
0
0
0
0
0
0
0
0
0
0
0
0
0
0
0
0
0
0
0
0
0
0
0
0
0
0
0
0
0
0
0
0
0
0
0
0
0
0
0
0
0
0
0
0
0
0
0
0
0
0
0
0
0
0
0
0
0
0
0
0
0
0
0
0
0
0
0
0
0
0
0
0
0
0
0
0
0
0
0
0
0
0
0
0
0
0
0
0
0
0
0
0
0
0
0
0
0
0
0
0
0
0
0
0
0
0
0
0
0
0
0
0
0
0
0
0
0
0
-8454.6
-484.2
450.4
-836
1599.1
7690.6
0
0
-14.7
-5757.7
-3197.6
2162.1
-836
6055
0
0
-87.8
-1128.7
-1601
-423.7
-394.2
6852.5
0
0
-746
-2528.9
504.8
3644.3
743
775.5
0
0
-7804.8
216.9
-416.6
-2375.7
-652.8
4468
0
0
46.8
-12.1
-5320.1
3498.3
874.5
429
0
0
277.9
3370.6
-3555.5
1204.9
-390.8
1525.8
0
0
-2272.9
-1686.6
2543
5509.6
-2652
-811.6
0
0
4013.9
-305.4
-93.9
-8
-26
-3569
0
0
-0.1
-500.6
4071
-486.2
-196.9
-2591.3
0
0
2742.3
-1.6
318.9
-11.3
-28.3
-3470.7
0
0
3163.4
-3577.2
113.2
-340.3
-734.6
928.3
0
0
3582.9
165.5
0
-595.1
127.1
-2791.5
0
0
0
0.9
3035.6
-44.3
39.9
-3375.5
0
0
-9.9
79.5
4030.1
-267.1
-7.7
-2965.9
0
0
2899.3
348.6
1.9
-72.8
-7.5
-3583.6
0
0
1583.3
3
-49.1
-0.1
-114.3
-1431.8
0
0
76.2
854.8
447.5
-60
17.7
-1373.6
0
0
225.9
38.9
810.2
19.1
-4.4
-1410.3
0
0
972.7
496.2
-338.4
-26
338.5
-943.5
0
0
1511.2
10.9
-10.1
-130.6
158.8
-1105.3
0
0
0
-1511.2
68.5
358.6
0.1
-75.5
0
0
16.7
494.5
422.8
-158.3
149.1
-11.3
0
0
943.6
174.7
-28.6
16.3
4.6
-1432
0
0
-2590.6
-158.3
396.8
-5031.5
-886.4
8762.8
0
0
-22.9
2431
-4865.6
-47
-452.1
3921.3
0
0
1867
-352.1
-6359
-67.7
-875.3
5124.1
0
0
-872.6
1874
-1254.5
-5811.8
-81.8
1242.5
0
0
-3316.4
-31.3
7
1951.4
-2084
5651.6
0
0
14.5
-17
1444
-2808.5
-249.7
-7.3
0
0
23.2
2439.4
-3852.9
1519.7
53
-333.5
0
0
2758
-782.9
-1834.3
-1528.9
335.6
4759
0
0
-12583.7
5712.3
-2155.4
2090.9
4675.4
5476
0
0
-9.3
-2680.8
-8646.7
6864.2
-2116.3
3881.4
0
0
667.5
-3133.9
-1724.6
-1833.3
-3759.2
15585.9
0
0
-79.4
-306.4
-6403.3
8161.1
-2304.3
1030.7
0
0
-191.6
-22264.1
-872.9
626.8
5369.1
1942.7
0
0
0
-3.2
-10384.5
10390.9
-152.9
82.3
0
0
103.7
1028.4
-4215.3
2090.9
3657.1
2007.2
0
0
244.8
-3278.2
-366.5
13316.6
-6985.2
1445.1
0
0
4939.8
-1756.1
1689.3
-648.7
-3566
-453.8
0
0
3.3
2515.8
-71.5
-3875.1
285.7
-80.7
0
0
104.3
61.3
79.6
310.6
324
-2206
0
0
38
193.6
-3218.8
286
334.8
137
0
0
104.1
4560.9
6.5
-367.8
-246.7
610
0
0
0
0
2942.6
-2887.8
-71
-264
0
0
2.77556e-017
690.1
-334.5
-0.4
-590.8
652.8
0
0
-80.4
121.6
1205.5
-2490.1
1631.7
-618.7
0
0
634.2
576.2
1128.1
-163.1
38.8
-2215.9
0
0
-4.4
-290.8
2372.2
-825.6
85.9
-1089.9
0
0
38.9
1316.7
992.7
-8.3
-476.1
-1403.6
0
0
-139.3
813.2
294.3
-1217
31.6
-4.3
0
0
30.8
427.3
1569.9
-16.4
-500.1
-2.5
0
0
0
-0.1
-3616.8
2297.5
1390.8
481.9
0
0
8.7
-2593.7
2701.2
8.9
-0.1
-32.3
0
0
-122.7
-494.8
-393.3
-82.4
481.6
-2027.9
0
0
2541.1
3452.1
-9363.3
1674.3
-1803.6
2346.1
0
0
-18.3
-600.1
-2044.7
-3287.3
2813.4
3663.9
0
0
598.3
758.3
-3512.7
-1581.2
-611.8
6129.6
0
0
-30.2
-2979.6
-887.6
-4847.5
2440.3
737.5
0
0
-22.6
-207
-5161.3
790.3
-606.8
4504.7
0
0
53.5
439.9
1407.8
-1302.4
-225.1
441
0
0
680.1
5855.1
-4079.1
5087
-2403.9
-1019.2
0
0
3140.1
955.9
-1678
-3819.2
1215.2
367
0
0
823.7
540.4
-620.8
24.6
-20.9
26.6
0
0
4.7
57.3
43.2
289.4
-0.2
-1094.8
0
0
52.3
81.7
-2.2
0.3
-203.8
224.2
0
0
-746.2
1182.9
-544
160.7
-87.5
0
0
0
29.3
13.4
-455
204.6
554.9
-1400.2
0
0
0
-31.9
739.4
-387.2
-133.1
-77.8
0
0
175.8
2112.8
-2803.9
176.7
-0.5
-418.8
0
0
1519
233.4
-45.7
-1135.8
8.7
930.3
0
0
-962.7
862.5
-760.9
-44.1
320
1056.1
0
0
0.4
-453.7
-898.3
32.9
-73.5
1708.3
0
0
1316.1
565.4
-344.8
-1361.9
4.4
640.9
0
0
96
-669.6
-44.4
607.5
-916.5
1.3
0
0
20.6
-105.8
-1856.8
155.9
-8.2
848.2
0
0
0
-32.2
-1030.7
779.7
302.5
51.8
0
0
4.3
-1432.3
-145
-1.9
26.8
1565.5
0
0
-606.6
360.3
-926.9
918.7
-79.6
510.3
0
0
16383.6
11.5
-6098.4
-440.7
-7254.4
-4175.3
0
0
576.5
4554.6
2925.9
-8162.4
289
-1638.3
0
0
1162.4
6253.3
-1232.7
-3812.5
-31.3
-3561.3
0
0
74.8
3568.1
-4778.3
-11007.9
6548
-326.8
0
0
4800.1
6254
2101
638.8
113.8
5367.8
0
0
480.5
-304.7
-8297.3
-5773.8
1782.5
2468.9
0
0
1340.9
6432.6
264
-1756.5
-4054.9
-885.7
0
0
9261.4
705.9
-2667.1
-9499.8
3263.2
-1863
0
0
307.1
0
-308.3
1
0
0.2
0
0
0
-1.2
1.2
-307.9
307.9
0
0
0
-0.2
0
-1
0
0.4
0.8
0
0
-0.2
-308.5
-0.2
307.9
1.2
0
0
0
-0.2
0
0
-308.9
0
307.9
0
0
0
0.6
-308.7
0
0
1.2
0
0
0
0
-307.9
-1.2
1.2
307.9
0
0
-0.2
-1
0
307.9
0
1.2
0
0
30.2
-43.7
1.4
-4.3
-21.3
-15.8
0
0
5.1
0.9
26.2
-31
48.5
0
0
0
31.4
-4.7
0.8
-0.8
-16.1
-21.2
0
0
62.4
58.2
-34.6
-15.5
0
0
0
0
0
0
46.4
-3.5
-42.9
0
0
0
0
28.8
0
-0.1
-42.9
0
0
0
0.1
0
-10.4
-41.1
0
0
0
0
0
43
-0.5
-0.8
-68
35.8
0
0
28915.5
-1952.1
-3005.4
-993.7
-11957.6
-8050.6
0
0
73.1
6360.7
5341.3
-15662.1
-973.8
-3403.8
0
0
1036.3
4088.5
804.1
-3824.4
591.6
-16017.1
0
0
4017.6
4911.6
-3488.7
-11534.2
4871.8
378.6
0
0
6723.6
7383.8
1585.5
-14690.6
26011.3
0
0
0
14.9
-1075.9
6447.3
-5205.1
892.5
-61.2
0
0
82.6
7660.6
7766.2
-3903.6
-4301.7
-9337.5
0
0
16895.4
169.4
-3802.7
-19965.8
4393.1
-4209.3
0
0
0
0
-50.2
50.2
0
0
0
0
0
-50.2
0
0
0
50.2
0
0
0
0
-50.2
18.8
0
0
0
0
135.7
0
-135.7
0
0
135.7
0
0
0
0
0
0
-135.7
31.4
0
0
0
0
0
0
0
0
0
0
0
-135.7
135.7
50.2
-50.2
0
0
0
0
0
0
0
0
0
0
0
-0.8
0
0
0
0.8
0
0
0
-0.8
0
0.8
0
0
0
0
0
0.8
0
-0.8
0
0
0.8
0
0
0
0
0
0
0
0
0
0
0
0
0
-0.8
0
0
0
0
0
-0.8
0
0
0
0.8
0
0
0
0
-0.8
0.8
0
0
0
0
0
-0.8
0
0
0
0.8
0
0
32119.4
-2320.7
-2220.9
-2158.1
-12534.4
-9770.2
0
0
-77.5
8090.6
4752.5
-17211
-1430.8
-3123.8
0
0
-918.3
1970.3
2762.9
-1889.8
65.8
-17665.2
0
0
1836.5
4155.1
-932.5
-12666.6
5685.2
-38.9
0
0
4842
8499.9
1621.4
-14332.6
-4570.4
34515.1
0
0
-878.5
-1446.4
8047
-5399.1
2610.3
-131.5
0
0
-1176.6
8417.1
7040.3
-4088.5
-4204.6
-7821.6
0
0
14776.1
212.9
-5792.7
-18554
5888.6
-4553.8
0
0
0
0
0
0
0
0
0
0
0
0
0
0
0
0
0
0
0
0
0
0
0
0
0
0
0
0
0
0
0
0
0
0
0
0
0
0
0
0
0
0
0
0
0
0
0
0
0
0
0
0
0
0
0
0
0
0
0
0
0
0
0
0
0
0
0
0
0
0
0
0
0
0
0
0
0
0
0
0
0
0
0
0
0
0
0
0
0
0
0
0
0
0
0
0
0
0
0
0
0
0
0
0
0
0
0
0
0
0
0
0
0
0
0
0
0
0
0
0
0
0
0
0
0
0
0
0
0
0
-32.3
0
0
0
0.1
32.3
0
0
-28.7
-0.1
-3.7
-29.5
6.1
55.8
0
0
-32.3
-0.1
0
0
0.2
32.2
0
0
-31
-1.3
-0.1
0.2
-1.4
33.6
0
0
-32.3
-0.1
0
1.8
2.9
27.7
0
0
-32.5
0
0.1
0
0
32.4
0
0
-22.7
-6.4
-33.6
62.3
-20.5
20.9
0
0
-31.3
-1.1
-0.1
0.2
0
32.3
0
0
0
0
0
0
0
0
0
0
0
0
0
0
0
0
0
0
0
0
0
0
0
0
0
0
0
0
0
0
0
0
0
0
0
0
0
0
0
0
0
0
0
0
0
0
0
0
0
0
0
0
0
0
0
0
0
0
0
0
0
0
0
0
0
0
0
0
0
0
0
0
0
0
0
0
0
0
0
0
0
0
0
0
0
0
0
0
0
0
0
0
0
0
0
0
0
0
0
0
0
0
0
0
0
0
0
0
0
0
0
0
0
0
0
0
0
0
0
0
0
0
0
0
0
0
0
0
0
0
3714.1
0
0
-0.1
-6.1
-3707.9
0
0
3716.8
0
-2.7
-9
-47.2
-3657.9
0
0
3714.1
0
0
-0.1
-0.1
-3713.9
0
0
3716.9
-2.8
0
-0.2
0
-3713.9
0
0
3714.1
0
0
103.7
-9.5
-3808.3
0
0
3714.1
0
0
0.1
0
-3714.2
0
0
3696
30.3
-12.2
12.2
7.6
-3733.9
0
0
3716.3
-2.2
0
0
0
-3714.1
0
0
1108
-15.2
124.4
-255.9
-34.5
-878.6
0
0
-18.3
865.8
373.2
-185.1
-298.4
-865.7
0
0
-94.1
41.5
625.2
-110.6
-19.7
-584.7
0
0
-106.1
1120
-239.8
29.2
-27.9
-574.6
0
0
-17.4
0.1
-9.8
-428.2
17.6
-372.4
0
0
0
-120.7
-83.5
313.9
62
163.5
0
0
-9.5
343.8
28.9
-86
259.9
0.4
0
0
871.3
-116.4
31.2
-28.4
15.3
-813.7
0
0
83.3
15.8
-1
-1.2
-14.8
-80.1
0
0
0.1
-3.7
27.7
45.6
-66.7
0
0
0
93.5
-58.7
83.8
-1.8
-3.7
-89.9
0
0
-21.6
15.3
-2.8
55.7
-14.3
-33.6
0
0
-6.2
0
-78.3
12.3
-16.4
-5.5
0
0
0
29.3
67.8
8.6
0
-89
0
0
0
0
4.1
39
11.7
0.2
0
0
44.8
31.1
14.7
-2.4
1.3
-94
0
0
47.1
0
2.7
-1.3
-1.5
-47
0
0
1.5
2.8
36
-1.2
-6.7
-32.4
0
0
48.5
0
0.9
1
-1.9
-48.5
0
0
46
1
1.5
-2.4
0
-39.4
0
0
7.9
0
0
-2.4
2.3
-6.8
0
0
0
12.2
32.4
0
0
-36.7
0
0
0
32.4
-49.5
-1.8
0
0
0
0
46
4.3
0
-0.9
0.9
-47
0
0
-9975.1
789.2
1126.9
-675.9
8771.3
1585.8
0
0
423.6
-884.3
-6348.6
9132.2
-1178
-2687.2
0
0
963.6
-5514.7
2767.9
2009.5
-6057.2
12025.7
0
0
-1380.7
-1408.9
-4937.8
8733.5
116.1
-163
0
0
-6018.7
-9873.7
2126.2
-3181.3
5508.1
12219.1
0
0
0
-677.7
-24198.2
6877.5
890.7
-1706.1
0
0
2183.1
-1526.2
-3682.6
-297.6
4286.7
6108.7
0
0
1411.3
-565.1
-1767.3
8088.7
-3490.6
51.1
0
0
12166.1
235.8
-1898.3
-856.6
-9275.1
-1806.6
0
0
271.5
1855
3125.3
-7117.3
-76.7
-352.5
0
0
604.7
1780.3
-1813.1
930.8
2023.2
-6319.2
0
0
-885.7
3616.3
71.3
-10989
9660.3
-908.8
0
0
3577.2
2521.2
-2685.3
-2833.7
-1805.8
-2427.3
0
0
0
-316.1
12288.7
-1340.4
2154.4
1478.9
0
0
685.5
3878.1
2808.3
1.2
-2078.8
-8079
0
0
8247.3
-1210.1
-2127.6
-7910
2466.7
-1335.1
0
0
12875.8
-1031.3
-978.9
-1162.1
-1168.7
-7434.2
0
0
1123.3
4252.2
2940
-4263.6
350.3
-5938.5
0
0
3642.7
1924.9
1621.4
-219.7
-272.8
-10281.6
0
0
6030.1
968.1
935.6
-3585.7
376.7
-2469.5
0
0
4532.5
3987.5
370.1
434.5
-1220.2
-7276.1
0
0
0
10.2
13493
-4650.2
-0.6
-4621.2
0
0
2042.6
3388.4
5346.9
-13502
177.8
-425
0
0
7544.1
1029.5
985.4
-3526.5
474.8
-6830
0
0
4533.8
-1293.9
-835.4
-260.2
2951.9
-3540.6
0
0
152.7
4072.1
-2074.9
4698.5
-2453.3
-5000.9
0
0
-1025.3
1574.7
4533.7
-544.7
-649.6
-1683
0
0
2455.7
1800.2
-2548.5
3163
-95.6
-175.3
0
0
-3280.6
1041
-650.9
-8454
-1936.9
10275.5
0
0
0
-719.1
-8920.1
1441.8
2068.5
-2757.3
0
0
875.6
-2594.8
1266.7
-3446
-3211.4
11291.8
0
0
2650.9
3099.6
-1078.6
2755.2
-545.5
-6926.5
0
0
4
-27.8
-7.4
31.2
2.4
0.2
0
0
0
0
-0.7
-0.6
-61.8
0
0
0
3.2
-0.9
-4
-0.6
1.7
-1
0
0
3.2
0.2
-4.1
0.9
-0.4
0
0
0
3
-61.5
-0.5
62
0.9
0
0
0
0
0.4
59.3
-63.2
-1.1
0
0
0
59.9
1.2
-3.9
2.8
4
0
0
0
3
0.1
-66.1
64.8
-0.4
-2.4
0
0
97.1
287.8
-388
0.1
-1.2
6.4
0
0
1
-0.6
-4.2
4.6
-0.8
98.8
0
0
-4.9
0.6
0
-0.3
90.9
5
0
0
0.8
-0.9
94.4
1.6
-98
-0.4
0
0
-1.1
-95.9
-102.8
0
0.3
112.8
0
0
0
0
-1.3
-112.1
-2.8
0.1
0
0
0.5
209.2
184.3
-0.1
113.4
0
0
0
2
-0.2
-609.8
109.2
2.7
1.8
0
0
12215.7
-464.1
-536.6
-1368.6
-609.7
-7585.3
0
0
1117.3
4088.6
3037.1
571.2
-2510.2
-6715.7
0
0
1450.3
1276.7
4997.1
-764.9
-446.3
-7452.3
0
0
7131.6
1433.4
-2081
-2197.5
778.6
-179.9
0
0
6511.4
-1542.5
-419
-6140.1
-1412.3
2557.4
0
0
2.5
-738.4
-4666.1
-2260.6
11226.6
0
0
0
120.2
-5346.1
7765.9
-5397.8
-160.8
731.7
0
0
5407.3
-30.5
231.4
-1285.8
-2242.2
-8097.7
0
0
383.7
-1.2
-394.9
0
-0.6
2.6
0
0
10.8
-0.1
-12.1
1.6
-0.1
10.6
0
0
-1.8
0.6
-11
394.8
0
12.6
0
0
-10.4
-0.1
-2
0.5
0.8
-0.1
0
0
0.2
-1.1
-0.7
0
-394.9
407.9
0
0
0
0.1
-0.1
0.1
-407.9
10.3
0
0
1.5
-394.8
-1.9
0.1
1.2
394.9
0
0
-405.2
0
-1.1
395
1
11.2
0
0
457.7
0
-457.5
0
-0.1
-0.1
0
0
0.4
0
0
76.6
-76.6
-0.4
0
0
0.4
-0.1
0
380.3
0
0.1
0
0
0.4
0
-0.1
76.6
-76.7
-0.2
0
0
0.3
0
-0.1
-0.5
-380.8
381.1
0
0
0
0
0.1
0
-457
-0.7
0
0
1.1
-304.1
-77.1
0
0
456.9
0
0
-380.4
0.1
0
380.7
-0.1
-0.2
0
0
15739.9
-1161.9
135.8
-1974.3
-962.4
-10108.3
0
0
-50.1
2969.7
7494.1
-2312.8
-2751.1
-6588.1
0
0
83.1
2437.7
5265.6
-1356.8
-74.1
-10800.6
0
0
8372.8
1751.4
-2262.1
-2088
849.8
-207.4
0
0
3496.5
-789.5
3380.4
-5624.6
31
-702
0
0
-18.6
-808.8
-5851.1
-1652.3
1011.8
18195.7
0
0
12.2
-7205.2
10274.1
-3986.7
-189.7
-1972.4
0
0
2381.8
746.7
-1493.6
-2010.5
-305
-9322.1
0
0
0
0
0
0
0
0
0
0
0
0
0
0
0
0
0
0
0
0
0
0
0
0
0
0
0
0
0
0
0
0
0
0
0
0
0
0
0
0
0
0
0
0
0
0
0
0
0
0
0
0
0
0
0
0
0
0
0
0
0
0
0
0
0
0
0
0
0
0
0
0
0
0
0
0
0
0
0
0
0
0
0
0
0
0
0
0
0
0
0
0
0
0
0
0
0
0
0
0
0
0
0
0
0
0
0
0
0
0
0
0
0
0
0
0
0
0
0
0
0
0
0
0
0
0
0
0
0
0
2905.4
-12.1
-12.4
-135.3
-1017.9
-1717.9
0
0
-521.8
3518.8
-261.3
-28.4
-244.7
-2534
0
0
-1141.7
644.7
604.4
-565.1
-29.6
823.8
0
0
2908
203.1
2125.2
-4991.5
-1378.1
-1234.5
0
0
2895.3
-11.9
-205.8
-960.1
-473.5
1091
0
0
11.7
135.9
489.7
-2763.6
-901.3
1402.1
0
0
2875.3
110.5
-239.7
-485.4
-455.7
-596.1
0
0
3076.4
-1.1
-321.8
-1430.1
-4032.1
2883.2
0
0
3.6
13.8
-0.1
0
0.8
-31.7
0
0
1.4
-2.7
32.4
-19.4
-0.2
-0.9
0
0
25.6
3.6
0
0
-0.2
-28.5
0
0
0.7
-3.9
25.2
-28.9
0.3
-0.2
0
0
28.2
0.1
0.2
2.4
-3.5
-15.8
0
0
0
-32.5
2.5
-0.1
-0.1
-0.1
0
0
32.5
0.1
0
-17.4
2.4
0.9
0
0
1.9
0.6
29.3
-10.8
-5.4
-6.1
0
0
-0.7
-0.6
0.1
0
0.1
1.2
0
0
0
0.3
-1.7
1.7
-0.1
-0.2
0
0
-1.1
0.1
0
0
0
1
0
0
0
-0.5
-0.5
-0.2
0.6
-0.1
0
0
0.4
-0.7
0
-0.1
0
1.1
0
0
0
0
-0.5
0.5
-0.1
0.1
0
0
-1.1
-0.1
0.1
0
0
0
0
0
-0.1
1
-0.4
0.2
0
0.3
0
0
176.5
-11.3
-2
-1
-1.2
-151.5
0
0
-441.5
187.2
411.7
16.2
10.3
-190.8
0
0
321
-5.5
1123.7
-2.5
-1
-156.6
0
0
180.2
2.9
-3110
166.5
1408
69.6
0
0
166
-8.8
4.1
-0.6
5
-159.7
0
0
-3.4
-6.2
171.5
2182.4
0.9
-2344.9
0
0
150
0.1
0
11.2
54.3
-220
0
0
179.7
2.4
-23.8
11.7
162.5
-333.3
0
0
-11308.6
3216.5
500.2
1677.7
1505.4
4159.1
0
0
4.6
-2861.6
-5886
3963
217.7
1773.2
0
0
467.4
-1833.4
-3721.9
-86
-6192.4
14123.3
0
0
-1526
-2808.6
-1896.6
4974.7
-2525.2
2461.3
0
0
-1951.3
-8270.2
-1662.9
3358.6
3568.9
4286.5
0
0
470.6
117
-9657.8
10811.8
-770.4
-2390.4
0
0
-109.2
-14193.7
-4431.9
3833
6449.7
7046
0
0
-1945.6
-123.8
-8050.8
14382
-458.7
1294.8
0
0
6013
-1626.7
588.8
-620.1
-1148.3
-3150.6
0
0
-1.4
-187.3
3037.9
-2130.5
78.5
-1386.3
0
0
125.7
853.5
2156.2
-280.1
790.4
-5798.7
0
0
-589
1533.1
-601.6
58
463.1
-610
0
0
1058.4
3743
1628.7
-555.3
79.9
-1264.6
0
0
0.1
-390.6
-5327.4
862.7
779
403
0
0
0
3241.9
2042.8
-498.4
2.9
-1039.8
0
0
1950.9
1384.4
288.6
-3066.9
0.9
-2891.8
0
0
5855.1
-501.1
1230.3
-1933.1
-1154.9
-4302.4
0
0
0
4569.6
869.4
-2619.2
-419.9
-1655.8
0
0
72.4
20.4
2805.8
363.5
2045.8
-4459.6
0
0
865.9
3626.3
1177.1
-5000.4
394.6
337.9
0
0
3089.6
3648.8
-48.8
1173.9
-5327.4
-4749.3
0
0
0
-92.4
3746.4
-6086.5
60.6
-84.3
0
0
0
11473.7
-4836.7
-1066.4
191.8
-3295.5
0
0
11457.3
-1447
-9996.4
2.2
-3.1
1.8
0
0
-2247.1
-613.4
-1874.5
1537.8
1241.4
2423.3
0
0
70.5
-3070.5
-1899.5
1131.4
751.2
1855.4
0
0
59.3
-832.5
-3315.4
-134.1
66.4
5497.7
0
0
-3549.5
-24.5
18.7
794.7
-814.1
550.5
0
0
-1288.7
1515.6
-1818.8
3975.2
389.3
-375
0
0
30.3
94.1
-1300.5
-399.3
-759.9
1328.6
0
0
13.6
1457.8
-8073.2
-77.2
187.8
787.3
0
0
1039.8
-583.7
-357.2
4.2
2057.1
4529.6
0
0
1129.2
-206.6
37.1
421.8
-207.1
-836.9
0
0
1.8
3398.8
-3107.4
-133.4
-124.4
-737.4
0
0
-2807.3
-793.3
4757
462.4
-39.9
-776.8
0
0
-860.7
660.6
-236.1
3748.5
10.9
-206.7
0
0
-4277.4
-205
424.4
-2966
29.5
3686.6
0
0
0
-95
-2947.5
-1818
167.8
-184.5
0
0
0.1
678.4
520.6
-1118.8
-365.1
4857.5
0
0
-416.2
1086.3
61.3
297.6
-476.6
-494.1
0
0
2989.5
1851
438.1
-1962.9
10.1
-1313.5
0
0
0.2
508.4
1354.1
-2104.6
-1516
147.7
0
0
206.6
1884.6
683.7
-1739
-1005
-974.3
0
0
4080.6
-1363.7
388.4
-250.4
-555.6
9
0
0
891.3
-265.5
1178.4
-2008.7
-1739.5
1151.9
0
0
0
29.5
5
521.5
4194.6
-4580.6
0
0
0
-1189.1
7294.4
-5565.9
460.1
-327.3
0
0
466.2
4378.8
-280.4
-6381.7
0
0
0
0
560.8
-1695.7
-1497.1
1300.1
522.9
1468.7
0
0
-5.9
-2749.6
-1443.9
737.1
896.7
876.5
0
0
289.9
-617.5
-2924.6
-449.4
521.2
2311.2
0
0
-2188.6
-848.7
446.7
772.6
98.1
416.5
0
0
-497.7
1716
-1680.3
2776.5
501.9
348.9
0
0
70.1
81.5
-1547.2
-434.9
-207.6
737.5
0
0
12.6
-340.3
-1306.2
-2875.1
151.7
578.1
0
0
670
2334.5
-2012.5
-1524.2
62.5
5586.2
0
0
2989.7
-207.2
-140
-29.7
3
-2443.9
0
0
67.8
1728.8
619.7
-89.6
-314.6
-2038.7
0
0
951.7
-36.6
1489.1
-80
51.7
-2524.9
0
0
2269.5
95.7
5
-164.6
-25.8
-252.9
0
0
497.3
98.5
328.6
-1819
-138.8
-862.3
0
0
0
-78.8
212.5
0.1
-3312.3
0
0
0
128.6
168.4
2558.2
226.4
-88.4
-0.1
0
0
2286.1
698.4
125.8
-54.9
111.6
-3009.1
0
0
3076
260.1
1322.4
-1643.1
92.1
-2940.3
0
0
1.7
3024.5
633.4
-488.9
-897.7
-2575.8
0
0
1052.3
422.7
2256.8
-544.9
48
-3294.9
0
0
1801.5
66.7
1159.8
-1399.5
-281.3
-1305.9
0
0
1594.2
1206.8
-25.2
-336.2
-576.2
-1713.4
0
0
3.4
-132.3
-75.3
28.5
-634.4
465.8
0
0
18.4
2532.2
2204.5
-1060.3
-31.8
27.2
0
0
872
1331.8
-1016.1
132.5
-4661.8
0
0
0
4063.6
-1180.9
16.1
-511.6
-1975.2
-329.4
0
0
59.6
2118.6
-1084.4
-1065
-573.4
40.7
0
0
162.3
-59.1
607.3
-511
275.8
-3738.3
0
0
227.2
1360.9
-33.5
-1548.7
631
9.9
0
0
2021.5
1579.7
41.6
-539
-150.2
266.4
0
0
21.8
-229.8
1777.3
-753.6
-104.5
157.9
0
0
321.9
-901.5
1083.9
-3097.1
2819.2
0
0
0
1615.6
958.1
-3159.3
-1289.5
87
510.1
0
0
-1.5
0
-13.5
13.5
0.4
1.1
0
0
0
-0.8
0.4
-0.7
12.7
0
0
0
13.4
-12.7
-1.9
0.8
0
1.5
0
0
0
-1.2
-11.5
0
0
0
0
0
-1.1
1.1
-0.8
0.8
-12.7
12.7
0
0
0.4
0.4
-1.5
-0.4
0
15
0
0
0
0
-12.7
12
-15
0
0
0
-11.2
13.4
-1.5
0
0
1.1
0
0
-20.6
-132.9
89
33.4
4.9
30.3
0
0
-0.1
-19.6
-14.2
12.9
15.5
0.1
0
0
0.4
0
-46.8
-60.7
57.9
67.3
0
0
-1.4
-113.2
94.9
4.1
0
0.1
0
0
-59.6
47.5
-99.5
111.6
-1.3
0
0
0
0
0
-1.4
0
0
1.4
0
0
0
0
-19.6
19.6
-184.6
0.1
0
0
163.5
0
-163.6
0
0
184.6
0
0
4635.3
-1496
47
-1319.4
-1359.6
-408.9
0
0
-382.1
2365.9
-1385.5
-1001.4
-614.4
-9.5
0
0
101.8
231.8
198.5
-1173.1
700.9
-3267.2
0
0
58.4
1436.2
-1020
-332.3
937.1
-0.7
0
0
1967.6
1252.6
522.7
-948.2
231.9
-148.7
0
0
-3.2
-306.7
2112.8
-726.7
-1
-23
0
0
10.2
-1395.2
1711.1
-3201.9
-1987
5454.3
0
0
1166.6
981.1
-2392.2
-1197.5
-2.7
-19.7
0
0
0
0
0
0
0
0
0
0
0
0
0
0
0
0
0
0
0
0
0
0
0
0
0
0
0
0
0
0
0
0
0
0
0
0
0
0
0
0
0
0
0
0
0
0
0
0
0
0
0
0
0
0
0
0
0
0
0
0
0
0
0
0
0
0
0
0
0
0
0
0
0
0
0
0
0
0
0
0
0
0
0
0
0
0
0
0
0
0
0
0
0
0
0
0
0
0
0
0
0
0
0
0
0
0
0
0
0
0
0
0
0
0
0
0
0
0
0
0
0
0
0
0
0
0
0
0
0
0
-7155.5
1021.1
-219.3
-8.5
996.4
4525.5
0
0
100
-4281.8
-2137.1
4624.1
-839.3
3489.4
0
0
772.9
-1975.3
-1510.9
-346.4
-2749.4
6972.5
0
0
-102.2
-2450
-1460.5
1688.5
-341.2
1081.7
0
0
-1335
-4894.2
462.3
-326.1
-3368.1
10475.6
0
0
153.1
-195.5
-7637.7
6639.5
1522.9
-2969.8
0
0
261.2
-7357.1
4400.5
-1479.5
131.1
5783.5
0
0
-9715.9
0
2184.5
6854.9
124.4
590.7
0
0
5770.9
-400.4
-351.7
-51.8
591.2
-5317.2
0
0
0
-1055.6
3502.9
-1211
181.5
-4332.4
0
0
840.3
3080.2
2232.8
-464.6
-69.9
-6223.5
0
0
3628.8
2077.7
1122.8
-2614.8
2413.9
-869.9
0
0
4261.9
2331.2
102.2
-2247.1
-178.3
-5776.8
0
0
0
0
2832.9
226
171.8
-135.7
0
0
-109.1
-7697
3320.8
-656.5
316.6
-3242.6
0
0
8781.5
1019.7
-309.8
-1305.7
124.3
-4310.5
0
0
0
0
0
0
0
0
0
0
0
0
0
0
0
0
0
0
0
0
0
0
0
0
0
0
0
0
0
0
0
0
0
0
0
0
0
0
0
0
0
0
0
0
0
0
0
0
0
0
0
0
0
0
0
0
0
0
0
0
0
0
0
0
0
0
-9467
2835.1
1708.3
-494.9
-264.4
5556.5
0
0
67.5
-2860.9
-2329
2427.6
-602.8
3891.4
0
0
66.4
-1951
-3077.7
-258.9
-1140.3
7459.7
0
0
-2178.2
-757.4
-2248.3
2739.4
-2183
925.6
0
0
-1456.4
-4727.5
-97
2242.6
-1941.9
8838.9
0
0
16.7
-36
-8148.1
5372.8
-202.1
858.7
0
0
-12.9
-5998.8
-108.4
2680.3
-120
5342.3
0
0
-12119.3
0
595.8
7654.4
297.2
3205
0
0
-7607.3
2900.1
-2318.3
1628.6
3449.1
733.5
0
0
8.4
-3761.5
-1744.8
2133
1307.1
3611.7
0
0
172.7
133.2
-3562.2
2232.7
-2672.4
5944.8
0
0
-2749
-70.6
-1276
-11.4
-297.6
31.1
0
0
175.3
-3958.9
-509.7
3861.6
1309.7
1638.1
0
0
184.5
15.1
-5332.9
4836.6
-941.6
1477.2
0
0
-21.7
-4803.8
-4171.1
4240.6
54.7
3955.7
0
0
0
-11923.2
2861.9
3471.3
1566.7
3799
0
0
1841.3
677.8
1223.4
-1499.1
-432.2
-628.4
0
0
-0.9
355.5
646.5
-766
-1032.6
-173.3
0
0
324.5
-43.9
1462.1
-1489
-571.6
-1119.6
0
0
2690.3
-1020.5
12.3
-96.3
-11.1
13.5
0
0
463.1
70.4
790.7
-1645.3
259.7
-71.6
0
0
0
10.1
15.6
111.5
3602.3
-3898.7
0
0
13.9
77.2
-4903.9
75.6
-110.6
0
0
0
0
5013
6.9
-0.6
-1.4
-240.6
0
0
0
0
0
0
0
0
0
0
0
0
0
0
0
0
0
0
0
0
0
0
0
0
0
0
0
0
0
0
0
0
0
0
0
0
0
0
0
0
0
0
0
0
0
0
0
0
0
0
0
0
0
0
0
0
0
0
0
0
0
0
0
0
0
0
-4101.2
-1273.8
65.6
-639.5
922.2
3274.5
0
0
-1.2
-1228.2
-3687.7
3964.4
1588.8
342.9
0
0
-7.8
-950.3
-1030.7
-205.6
524.1
2742.4
0
0
-1681.5
1376.4
535.6
-236
737
-137.3
0
0
2257.7
245.1
439.1
551.4
-6140.7
3574.2
0
0
55.3
165.6
-3092.3
-4518.5
-210.9
397.9
0
0
16.4
5452.6
-5916.4
89.6
6358.7
-3008.9
0
0
4136.3
-1582.4
-2580.9
55.6
-771.3
3133.7
0
0
2275.6
-1.6
-2.9
-0.7
-1424.6
-841.3
0
0
3.1
856.4
1432.6
-1476.4
-6.4
-855.6
0
0
51.7
5.4
819.5
-3.8
6.8
-837.7
0
0
860.6
2.1
11.3
-1441.6
1430.2
-3.7
0
0
-23.8
36.9
-5.5
-859
1425.5
-1431.7
0
0
0
-2.8
0.3
-4.7
11.3
1.2
0
0
1.6
-2.8
812.9
-2263.1
10.2
0
0
0
1430.2
0
830.2
-0.6
6.9
-832.2
0
0
0
0
0
0
0
0
0
0
0
0
0
0
0
0
0
0
0
0
0
0
0
0
0
0
0
0
0
0
0
0
0
0
0
0
0
0
0
0
0
0
0
0
0
0
0
0
0
0
0
0
0
0
0
0
0
0
0
0
0
0
0
0
0
0
-933.5
432.8
122.6
-1136.9
1288.4
1029.9
0
0
4.7
88.9
-961.9
30
-685.6
1000.8
0
0
513.5
-205.2
-1859.8
-445.5
-885.1
1630.5
0
0
-458.1
2286.1
-480.1
-724.7
257.1
-30.7
0
0
1479.4
347.5
1115.4
-1371.2
-2056
1133.7
0
0
129.8
348.7
-824.1
-1926.2
661.4
-630.2
0
0
280.1
1670.4
-2226.1
-517.4
-394.7
1453.2
0
0
2648.5
-1419.8
161.3
-1586.7
0
1644.8
0
0
2650.2
263.2
-157.1
-27.8
-1911.7
-725.8
0
0
0.2
1822.4
780.4
-2673.4
1.8
265.3
0
0
-9.9
-25.4
51.1
12.3
3.9
-1874.9
0
0
-12.7
1194.7
328
-1374.9
197
-1.2
0
0
2061.8
-92.8
-251.7
712.3
-746.6
423.6
0
0
6.8
11.1
1724
-553.3
0
7
0
0
24
-2045.7
2017.6
27.3
-2331.2
0
0
0
550.2
2
-2873.3
2546.7
1.7
2.8
0
0
0
0
0
0
0
0
0
0
0
0
0
0
0
0
0
0
0
0
0
0
0
0
0
0
0
0
0
0
0
0
0
0
0
0
0
0
0
0
0
0
0
0
0
0
0
0
0
0
0
0
0
0
0
0
0
0
0
0
0
0
0
0
0
0
3235.5
314.3
914.5
-2049.8
-498.7
-1534.1
0
0
105
2897.4
913.6
-1102.7
-1228.3
-1511.9
0
0
907.9
100.6
1030.3
-623
-839.5
-1681.3
0
0
2133.4
560.5
422.1
-1603.1
-83.6
-875.7
0
0
2167.6
1170.5
343.4
-1299.5
-1255.8
-215.5
0
0
41
-238.9
-471.5
-206.7
-476.5
318.7
0
0
52.7
2223.1
928.3
-4375.3
-9.6
348
0
0
1694.3
-7.8
-1211.7
-1120.2
1698
0
0
0
0
0
0
0
0
0
0
0
0
0
0
0
0
0
0
0
0
242.4
-242.4
0
0
0
0
0
0
0
0
0
0
0
0
0
0
0
242.4
0
0
0
0
0
0
0
0
0
0
0
0
0
0
-242.4
242.4
0
0
-242.4
0
0
0
0
0
-242.4
242.4
0
0
0
0
0
0
0
0
0
0
0
0
0
0
0
0
0
0
0
0
0
0
0
0
0
0
0
0
0
0
0
0
0
0
0
0
0
0
0
0
0
0
0
0
0
0
0
0
0
0
0
0
0
0
0
0
0
0
0
0
0
0
0
0
0
0
0
3761.4
262.3
995
-3058.2
-544.1
-583.6
0
0
-135.6
2369.5
693.9
-754
-1519.9
-1144.5
0
0
18.6
-32.9
1724.6
-1562.1
-214.2
-2127
0
0
2555.9
63.6
50.2
-1989.5
691.5
-512.9
0
0
2148.2
707.9
624.1
-599.9
-1339.4
-467.2
0
0
-88.2
-384.3
9.1
-115.4
479.8
-515.3
0
0
-22.8
1914.9
1087
-3924.1
-10.8
-103.3
0
0
710.1
217.7
-1583.9
-1110.5
-3959.8
7318.1
0
0
0
0
0
0
0
0
0
0
0
0
0
0
0
0
0
0
0
0
0
0
0
0
0
0
0
0
0
0
0
0
0
0
0
0
0
0
0
0
0
0
0
0
0
0
0
0
0
0
0
0
0
0
0
0
0
0
0
0
0
0
0
0
0
0
0
0
0
0
0
0
0
0
0
0
0
0
0
0
0
0
0
0
0
0
0
0
0
0
0
0
0
0
0
0
0
0
0
0
0
0
0
0
0
0
0
0
0
0
0
0
0
0
0
0
0
0
0
0
0
0
0
0
0
0
0
0
0
0
25300.6
-2075.1
-21881.4
940
11743.9
514.1
0
0
-0.3
-1010.1
-6407.3
-2530.9
701.9
-2601.6
0
0
-164.2
-4897.3
-3495.5
2421.1
-950.5
11166.9
0
0
-1524.4
-999.2
-7357.4
11291.9
-4191.7
-286.1
0
0
-808.8
-2170
-5624.1
1784
-2253.3
5600.1
0
0
7.5
-17.1
-4732.9
6747.4
-8170.3
-277.5
0
0
-54.6
3912.6
-8453.4
1499
1229.8
3267.3
0
0
-2942.1
-3964.1
3108.9
9640
-3280.4
2244.6
0
0
0
0
0
0
0
0
0
0
0
0
0
0
0
0
0
0
0
0
0
0
0
0
0
0
0
0
0
0
0
0
0
0
0
0
0
0
0
0
0
0
0
0
0
0
0
0
0
0
0
0
0
0
0
0
0
0
0
0
0
0
0
0
0
0
0
22675.9
-21941.7
-1133.1
7763.8
6907.5
0
0
-0.2
-1047.9
-7023.3
-2205.1
-3228.4
205.1
0
0
-121.6
-5605.6
-2313.5
123.5
524
13794.5
0
0
-1519.8
-898.2
-7133.7
7453.2
-1796.7
9.7
0
0
-744.3
-2958.2
-4720.9
1609.1
-1565.7
5706.7
0
0
7.5
-18.6
-5335.8
5670.2
-7938.3
349.8
0
0
-43.6
2628.4
-7187.6
1054
1762
3748.4
0
0
-3199.6
-3036.9
1356.2
9277.4
-2829.3
2920.7
0
0
3.4
-3.4
0
0
0
0
0
0
3.4
0
-3.4
0
0
0
0
0
3.3
0
0
0
0.1
-3.4
0
0
0.1
0
0
-3.1
0
0
0
0
0
3
0
-3.4
0
0
0
0
0
0.1
0
0
0
0
0
0
0
0
-0.1
-3.2
3.3
3.3
0
0
0
0
0
-0.1
0
0.1
0
0
1595.9
0
-1083.4
-77.5
12634.4
4102
0
0
7.7
105.1
-7212.4
-13005.3
843.2
-1150.7
0
0
433.5
-5488.8
-5483.7
-235.6
4655.2
13274.9
0
0
-1160.6
1665
-13405.8
9972
-1236.1
-369.1
0
0
-162.2
-7225.1
-6824.6
3895.4
-780.2
8739.6
0
0
7.5
-63.3
-7247.8
9472.3
-6602.9
183
0
0
-35.9
1908.5
-7867.1
-6.9
1685.2
5749.2
0
0
-3827.6
-3258.3
3971.5
10046.7
-2014.6
877.7
0
0
250
0
-259.9
0
9.9
-9.9
0
0
0
259.9
0
-19.9
-83.4
-105.9
0
0
0
0
135.1
0
-19.8
-220.3
0
0
197.2
28
-22.6
0
0
-6.6
0
0
29.2
19.8
50.5
-157.6
3
10.7
0
0
0
0
-6.6
-184
-21.1
211.7
0
0
0
-3.3
62.7
-146.8
0
0
0
0
109.2
63.4
0
-3.3
50.5
-219.8
0
0
6552.1
2573.8
0.5
-11508
868.6
-365
0
0
3
7056.4
-504.7
-4804.1
-1351.2
-876.3
0
0
754.7
2452.8
829.6
-5437.3
4072.8
-2673.8
0
0
1828.5
-627.6
-2700.7
-1563.3
-1013.5
-795.9
0
0
1654.3
-4214.4
5585.6
-870
-1144.1
1473.4
0
0
0
-442.6
446.2
1861.7
2943.3
58.5
0
0
24.3
991
452.7
-1524.9
415.2
228.3
0
0
1888.2
1211.8
2253
-3115.3
206.6
-3154.2
0
0
382.4
6.9
-3855.8
3772.9
12.9
41.1
0
0
0.9
33.2
-3868.2
-39.6
2466.1
-186.8
0
0
-4.7
80.2
-623
505.5
-142.6
1727.6
0
0
9.6
-974.9
-340.1
403.3
713.8
362
0
0
6.6
-1027.8
-910.6
1857.9
-46.6
-113.8
0
0
0
-38.7
-1524.1
1448.9
361
248.2
0
0
6.5
-3412.5
1915.3
3405
-1608.4
-25.5
0
0
28.1
44.9
-1192.7
26.7
1025.1
-956.2
0
0
16017.8
4178.9
509.7
-586.8
-20169.8
-120.3
0
0
6.9
2761.4
9629
-12320.1
-1035.8
-2511.8
0
0
670.7
3648.4
3670.1
-1197.1
500.1
-7047.2
0
0
2183.4
1390.4
2832.3
-6488.2
4737.6
-657.5
0
0
2855
-977.8
3002.3
-791.9
723.2
-5134
0
0
-0.1
-244.7
3033.5
-6158.2
7016.8
-909.4
0
0
44.4
-2330.3
5691.8
-1255.9
-308.8
-1086.9
0
0
5697.4
1564.3
-2167.3
-4523.1
110.1
-4452.5
0
0
-4212.1
148.3
410.3
48.4
3437.7
0
0
0
0
-571.2
-362.2
-664.6
1172
-74.8
0
0
-19.3
92.3
-66.2
-17.8
1.9
3134.2
0
0
132
303.8
-1453.9
707.8
925.1
0
0
0
-144.8
-735.1
-2007
-1504.6
-116.5
4862.2
0
0
0
-15.2
-4439.1
353.7
-32.5
393.3
0
0
2.6
-3582.3
-621.1
33.7
105.8
4357.8
0
0
-2944.9
-113.9
-1082.8
4805.7
-180.1
-466.6
0
0
12020.3
-2259.3
-23.1
418.3
22.5
-10312.3
0
0
1064.8
6840
-425.7
-1051.3
-1950.5
-2434.7
0
0
798.6
996.5
-2199.7
-609.7
-148.3
-4380.2
0
0
6178
6178.2
-2456.9
-5013
542.7
-275.7
0
0
5429.7
1880
-1923.2
-5903.1
806.9
1816.6
0
0
5.9
-405.4
1408.5
-4349.1
656
-1503.4
0
0
1574.3
3386.6
766
-1926.7
135.9
-2286.3
0
0
9335.4
-2878.8
2259.2
-3425.7
100.8
-6479.6
0
0
-6.4
-5.8
-124
0
30
110.4
0
0
0
114.5
-38.6
1.2
-110.4
-4.9
0
0
-2
39.3
-3.8
-164.6
10.2
64.7
0
0
107.5
-14
48.2
201.8
-138.3
0.1
0
0
-193.9
225.5
-2.1
-156.7
-13.4
0.5
0
0
0
2.9
-201.1
-42
16.9
14
0
0
-0.5
71.9
-25.9
24.6
-43.8
76.7
0
0
55.4
4.7
-0.5
46.4
-24.9
50.2
0
0
12759.9
820.9
-161.6
99.5
95.6
-14322.2
0
0
10.6
5178.1
7179.6
-3726.9
-972.2
-4714.3
0
0
675.3
1496
-595.8
-1141.9
-104.7
-6502.9
0
0
3984.4
2152.8
1040.3
-6808.3
-434
-432.2
0
0
10567.8
-4292.8
2037
-3085.3
-850.9
-953
0
0
0.1
-316.4
2594.2
2463.9
2060.1
-1231.2
0
0
150.7
18.1
6653.8
-2553
27.7
-3629.7
0
0
3932.6
1184.8
-494.6
-3456.9
625.3
-7028.3
0
0
-346.3
43.1
95.2
-1010.3
212.3
-547
0
0
4456.4
237.3
-2043.1
-7.3
5.5
709.7
0
0
-7.3
7.3
-250.7
101.7
-81.1
1077.2
0
0
-541.7
-830.3
-208.6
-20.1
544.7
170
0
0
-57
-361.5
-630.2
1184.2
-1786.9
2053.4
0
0
0
47.8
-201.4
-522.6
-152
-713.4
0
0
-0.2
-439.6
-701.1
1338.7
-611.9
-51.4
0
0
-403.7
-252.7
-141.7
175.2
-248
709.4
0
0
0
0
0
0
0
0
0
0
0
0
0
0
0
0
0
0
0
0
0
0
0
0
0
0
0
0
0
0
0
0
0
0
0
0
0
0
0
0
0
0
0
0
0
0
0
0
0
0
0
0
0
0
0
0
0
0
0
0
0
0
0
0
0
0
0
0
0
0
0
0
0
0
0
0
0
0
0
0
0
0
0
0
0
0
0
0
0
0
0
0
0
0
0
0
0
0
0
0
0
0
0
0
0
0
0
0
0
0
0
0
0
0
0
0
0
0
0
0
0
0
0
0
0
0
0
0
0
0
3924.3
506
-223.7
-5026.7
-324
3796.9
0
0
0
-915.4
-1820.7
-12
-7.8
709.7
0
0
93.8
210.5
-347.8
-916.1
232.2
1113.2
0
0
-621.3
153.8
594.6
-3323.5
2514.9
532.9
0
0
229.4
67.4
127.3
726.5
-910.3
549
0
0
0
-28.4
498.4
-1768.6
-466.8
636.8
0
0
1.7
-423.4
-427
628.8
-649.1
283.7
0
0
1413.2
222.4
-1073.9
-1303.9
182.5
640.5
0
0
2768.9
-1
-1.3
-2428.1
-13.3
2259.2
0
0
-0.1
-2768.9
0.1
-1.4
1.3
0
0
0
92.7
30.7
-28.3
-325.4
11.7
110.7
0
0
76.8
300.6
883
-3065.7
2083.1
0.8
0
0
216.9
17.8
338.2
119.5
40.5
-567.1
0
0
0
-1.4
970.8
-965.1
3.9
-16.1
0
0
2.4
-402.1
531.6
-234.5
15.7
0
0
0
698
449.8
-1135.5
-1059
1010.4
-20.8
0
0
122
0.3
-7.3
-72.8
-23.5
53.4
0
0
-8.7
-123
0.1
-5.9
7.4
0.1
0
0
121.3
0
0
-55.1
0
-6.3
0
0
11.4
38
13.3
-60.1
4.1
10.1
0
0
67.7
2.7
11.6
-67.1
-1.5
6.3
0
0
0
-4.5
18.9
-9.2
3
-8.9
0
0
-7.2
15.6
6.3
-23.9
-13
0.1
0
0
34.8
29.7
10.1
-14.7
8.6
-84.2
0
0
8648.7
697.2
-982.5
-7503.5
7273.5
-476.9
0
0
0.9
271.1
-7593.9
-35.9
-480.6
480
0
0
392.5
404.7
618.2
-2327
1252.2
-1141.1
0
0
-346.9
1085.2
1448.9
-6710.5
5003.8
199.8
0
0
795.1
375.7
795
76.7
-398.9
-41.8
0
0
0
-143.7
589.1
-2749.6
618.7
867.2
0
0
17
-1391.8
957.6
422.2
-309
-135.6
0
0
2433.3
1178.8
-2445.9
-3201.7
1918.1
-404.4
0
0
2.1
477.1
-684.8
-1003.2
1134
1178.4
0
0
-8.2
-1516.5
-485.4
5.4
0
1
0
0
17.2
191.5
781.5
-134.3
28
1277.2
0
0
-378.7
-597.4
76.2
-714.4
498.7
1.5
0
0
143.7
-715.7
212.1
1299.3
-884.8
159.7
0
0
0
-12.6
-768.4
-753.5
1062.4
154.9
0
0
-4.6
-664.9
674.4
-169
146.6
1.4
0
0
-351.1
651.5
54.6
-816.2
-487.9
921.2
0
0
1805.6
7.5
30.9
-1262.5
908.6
-129.8
0
0
9.1
-33.1
-1194.9
-572.4
1.3
-80
0
0
8
1299
555.4
-224.7
126.1
-1243
0
0
108.2
144.3
359.5
-704
0.4
-13.6
0
0
314.3
601.3
383.3
-550.1
-206.4
-103
0
0
0
-8.6
988.3
-836.5
340.1
399.7
0
0
2.3
-516.4
1078.8
-50
23
-766.5
0
0
25.1
239.2
26.7
-446.5
-12.5
-831.5
0
0
15979.7
3804.3
-1782.4
-761.7
-5136.2
-1579.1
0
0
-17.9
3227.6
52.8
-20513.3
15.8
-0.1
0
0
674
7322.3
551.2
-2412.6
451.3
-4118.1
0
0
534.9
2116
2055.4
-8832.5
5467.7
343.6
0
0
3374.6
1683.5
3882.5
-1531.4
-1504.2
-1225.2
0
0
0
-378.8
4136
-7866.7
5652.3
-245
0
0
98.3
-3479.6
5903.4
-2139.3
866.6
-1825.8
0
0
5566.2
1631
-3356.1
-6940.2
2672.3
-2417.1
0
0
161.2
0
-22939.4
-146.3
13574
3654.1
0
0
-0.1
692.2
-18444.2
21879.9
883.2
0
0
0
-228.4
-10578.7
-2025
1889.2
1856.7
12870.8
0
0
-981.6
-2018.9
-7089.6
10670.2
-2436.1
58.3
0
0
-1271.7
-5582.7
-3475.7
2926.6
-1771.9
6865.7
0
0
9.9
-214.6
-7505.6
7854.1
-6865.5
244.6
0
0
-44.4
3762.3
-9267.2
1520.8
1607.6
4014.8
0
0
-4012.2
-3520.2
4476.7
9213.9
-1763.9
1497.1
0
0
-7738.2
-2592.9
-20.6
-23.3
7684.7
2754.1
0
0
0
171.7
-7122.9
10270.5
0.1
0.2
0
0
3.9
1287
-10639.5
-16.3
1467.3
7915
0
0
-1279
-520.9
-2087
3389.1
-20.8
-57.7
0
0
-1444.8
-2151.7
-1703.7
1054.8
-1471.4
4847
0
0
16.6
-7.1
-6558.4
4269.6
-2808.8
258.8
0
0
-21.4
1491.9
-4324.2
31.5
74.7
2041.8
0
0
-1454.4
-617.4
821.9
4881.8
-2091.7
2040.1
0
0
3802.4
-72.2
5191.7
-5816.8
2461.8
-4397.9
0
0
53.5
5187.9
-2261.6
62
-9586.6
-74.9
0
0
99.3
-3331.2
3914
-564.3
246.6
-2150.3
0
0
2636.3
2714.5
-2811
-595.7
851.1
-98.4
0
0
3879.6
-1641.1
4680.3
-5370
-475.4
2019.3
0
0
-3.8
-390
905.7
2124.8
611.7
-1021.7
0
0
30.7
3102.5
1239.7
-3252.7
696
-906.4
0
0
2571.2
515.4
2660.7
-3417.5
-1016.7
-3002.5
0
0
1215.2
-193.5
-421.1
-1873.7
-59.6
187.1
0
0
0
-528.2
337.9
388.9
1150.1
0
0
0
-19.4
9.3
-1316.5
993.3
85.1
-361.7
0
0
-36.4
-601.9
164
-1024.9
129.7
122.4
0
0
181.7
-179.7
-230.3
1206.1
-56.7
-699.8
0
0
0
-2.2
910.9
787.2
476.6
-454.7
0
0
-1.5
-943
2086.3
-302.4
-62.5
-1452.6
0
0
1730.9
49.9
-1023
-993.4
602.9
23.2
0
0
1186.9
-433.9
-2418.6
3007.7
-1307.2
149.4
0
0
0
-917
-167.2
-333.7
1355.3
0
0
0
8.2
176.8
89.9
-2534.3
257.5
1610.7
0
0
190.8
54.4
-81.2
-561.1
211.4
113.9
0
0
-300.3
626.8
-979.1
1858.1
-47.1
-1375.3
0
0
0
-3.4
1274.4
-234.2
4.9
-118.6
0
0
1.94289e-016
-820.8
228.6
3582.1
-1666.1
-1364.5
0
0
314
-73.7
-878
-406.7
543.4
176.8
0
0
11450.4
539.1
-1939.6
-404.3
1092.9
-7236.8
0
0
90.7
2146.2
1656.2
605.1
70
-11306.2
0
0
757.3
-3216.1
5419.9
-2605.6
49.7
-6538.8
0
0
4731.5
1644.3
-1161.9
-595.2
-812.3
374.8
0
0
7602.5
-898.1
123
-3492.6
1646.7
-2066.2
0
0
37.3
-379.2
2848.8
1971.4
1091.7
-1835.3
0
0
258.2
3907
3942.2
-1924.3
-231.1
-3718.3
0
0
7872.1
-974.9
-298.1
-2819.8
-504.5
-6969.8
0
0
2559
0
-66
-2493
2679.4
-120.4
0
0
0
216.1
11.5
0
0
-2679.4
0
0
-106.9
0.1
2008.8
-1240.2
-1322
-224.4
0
0
1756.1
897.7
-77.3
-833.7
42.4
66.7
0
0
1021.9
-194.6
64.6
-1937.7
-54.9
113.5
0
0
0
15.6
753.6
131.5
923.3
-1044.4
0
0
0.3
-79.4
2548.8
-860.6
-106.8
-753.9
0
0
632.3
518.3
0
-782.1
-10.8
-1973
0
0
-4799.5
1759
3501.4
-51.3
-1044.1
34.1
0
0
0
-0.1
-330.3
-1.6
4.2
4914.6
0
0
0
127.4
143.7
-373.4
-4222.4
4349.7
0
0
-297.7
-2455.5
-1809.1
-135.7
0
208.1
0
0
677.5
-4833
-5.9
342.2
-401.1
4905.8
0
0
0
0
-4370.3
4059.2
-469.4
457.5
0
0
0.2
-4790.4
-708.4
768.9
-81
4744.7
0
0
-4569.5
-10
-452.8
4374.9
451.1
388.3
0
0
9948.3
-1179.4
705.2
-514.7
612.6
-7007.5
0
0
152.4
7004.1
641.6
0
0
-10999.9
0
0
847.8
-630.9
1761.7
674.8
-68.6
-4911.4
0
0
4944.8
4674
-205.9
-4187.7
4.1
-314.7
0
0
4692.5
3016.5
1530
-6714.1
123.5
-529
0
0
42.2
-318.9
2251
-5242.5
1194
-1458
0
0
159
7584.9
1556.5
-2954.3
-203
-6107.9
0
0
6946.8
520.1
-128.8
-1197.5
135.5
-6849.2
0
0
-13028.3
-2249.7
-933
-2728.3
8639.4
7828.3
0
0
-1.4
-2169.7
-6248.1
-1017.7
-87.3
6854.7
0
0
21546.2
711.1
-15135.6
-1682.4
1497.7
11795.6
0
0
-1522.7
-4590.8
-1308.6
4604.3
-2468.1
-904.9
0
0
-4073.6
-2328.4
-4057.4
1484.6
-3460
8895
0
0
21
19.5
-10459.2
6692.7
-5223.1
-59.3
0
0
-29.4
-4369.6
-6532.7
834.8
647.2
9322.4
0
0
-8155.2
-984.3
-389
8063.2
-1328.2
8068.3
0
0
0
0
0
0
0
0
0
0
0
0
0
0
0
0
0
0
0
0
0
0
0
0
0
0
0
0
0
0
0
0
0
0
0
0
0
0
0
0
0
0
0
0
0
0
0
0
0
0
0
0
0
0
0
0
0
0
0
0
0
0
0
0
0
0
0
0
0
0
0
0
0
0
0
0
0
0
0
0
0
0
0
0
0
0
0
0
0
0
0
0
0
0
0
0
0
0
0
0
0
0
0
0
0
0
0
0
0
0
0
0
0
0
0
0
0
0
0
0
0
0
0
0
0
0
0
0
0
0
-10007.9
-2588.3
-1760.5
-3449
6264.8
11096.9
0
0
-1.3
-2521.9
-5962.1
-1472.1
-935.3
6947.7
0
0
0
19767.5
-14615.1
-1184.3
402.7
11885.3
0
0
-1152
-4498.3
-898.1
2799.6
-2089.5
84.8
0
0
-5776.6
-1664.1
-3050.6
798.4
-3965.2
9768.6
0
0
20.6
0.6
-9790.1
6734.8
-3982.8
1103.1
0
0
-7.2
-4491.5
-4458.3
815.7
611.3
7492.8
0
0
-7948.6
-509.7
-158.1
5476
-1122.6
7989.9
0
0
0.1
0
0
0
0
-0.1
0
0
0.1
0
0
0
0
-0.1
0
0
0.1
-0.1
0
0
0
0
0
0
0.1
0
0
0
0
-0.1
0
0
0.1
0
0
0
0
-0.1
0
0
0
0
0
0
0
-0.1
0
0
0.1
0
0
0
0
0
0
0
0.1
0
0
0
0
-0.1
0
0
-319.3
11.6
2.1
-0.1
-1.4
320.9
0
0
0
-317.5
-1.9
10.2
-9.7
318.8
0
0
-320.6
306.9
0
0
0
0
0
0
-306.9
-13.7
0
0
0
319.3
0
0
-319.3
-1.3
0
1.7
0
318.9
0
0
0
0
0
0
13.8
306.9
0
0
0.1
-0.1
-319.4
0.1
0
0
0
0
-318.9
-0.5
0
-13.8
0
333.1
0
0
-11370.4
-2187
-2646.4
-675.1
5891.1
11789.3
0
0
-0.5
-1940.9
-7320.6
-6435.8
-4.5
8508.8
0
0
-143
1356.6
-640.2
-836.9
1445.6
14656.9
0
0
-4777.8
-2508.5
-1615.9
456.7
-274.9
675.8
0
0
-8695.8
-2293.1
-2203
482.9
-2727.2
14183.9
0
0
19.5
-1.6
-12272.3
8786.2
-1845.2
32.1
0
0
-627.6
-1790.9
-5911.8
-8.3
783.2
7556.9
0
0
-6111.3
-516.4
-1188.2
2414
919.9
9611.7
0
0
133.4
0
0.1
-0.1
-133.4
0
0
0
0
133.5
-133.5
0
0
0
0
0
0.1
0
-133.5
0
0
0
0
0
0
0
-0.1
-133.4
133.4
0
0
0
0
0
0
0.1
0
133.3
0
0
0
0
0
0
0
0
0
0
0
0
0
-0.1
0.2
0
0
0
0
0
0
-133.4
133.4
0
0
0
-114.1
-1.1
0
195.5
0
97.7
0
0
0.1
-0.2
0
-98
-80
86.5
0
0
41.1
-289.1
28.4
0.1
0
0
0
0
166.2
-195.3
-18
289.9
0
0.2
0
0
1.8
-274.1
139.4
-249.7
3.6
-0.2
0
0
0
-2.2
6.2
-0.7
166.1
-168.9
0
0
0.2
279.8
-154.9
-143.9
0
0.1
0
0
0.6
90.7
124.7
72
14.5
-15
0
0
4625.9
-350.8
1357.7
-2945.9
1247.4
-2166.1
0
0
-611.3
5749.7
253.3
-1137.3
-1510.6
-237.2
0
0
419.5
660.2
773
-10317.3
615.5
-88.3
0
0
1939.3
872.5
-157.5
-3082.8
1145.9
-194.4
0
0
518.9
-1096.8
2322.8
-2590.2
2102.6
582.5
0
0
0
-266.9
-290.9
1334.9
817.3
-36.2
0
0
-483.4
2598.1
1533
-1158.4
1480.4
-2303.9
0
0
4794.7
-796.5
-1424.1
-2905.4
-199.3
-1393.6
0
0
1509
3
-829.4
906.7
-663.4
-670.9
0
0
-4.3
162.9
250
-1434.8
358.9
473.3
0
0
10.8
1247.6
-1193.3
141
-51.8
24.2
0
0
100.2
574.7
-347.5
-1080.5
1.2
86.1
0
0
592.3
452
-25.7
-1019.2
-273.9
1681.8
0
0
0
-0.6
-859.6
-667.1
1524.6
180.8
0
0
2.1
-668.7
40.4
1427.6
-768.4
-334.1
0
0
-290
752.3
-711.3
52.7
-13.1
-648.6
0
0
1886.1
-1099.2
947.6
-218.8
-1528.1
338.4
0
0
0.2
1360
-104.2
-1381.9
-96.6
111.9
0
0
28.5
122.7
24.3
-915.8
-1441.5
1485.8
0
0
414.8
304.7
572
-1826.9
-284.8
416
0
0
-305.9
1169
-58.4
-107.2
-192
686.6
0
0
0
-16.9
623.5
-662.4
-99.8
-343.7
0
0
2.5
-1473.5
784.9
13.8
-66.1
654.8
0
0
-364.9
111.6
-79.7
-1321.8
1774.7
155.7
0
0
6456
3150.2
1844.2
-1941.2
-7291.1
-3318
0
0
201.7
4353.7
5787.4
-5697.8
-382.1
-2574.7
0
0
469.8
5051.9
3318.1
-955.6
-10642.6
-31.4
0
0
2509
93.3
2497.6
-4871.1
395.4
-262.6
0
0
1915.1
1200.6
3123.6
-2708.2
-1300
292
0
0
0.1
-112.3
744.9
-3297
3430.3
0.2
0
0
597.6
-2329.4
4138.1
-1998.4
632.5
-476.9
0
0
2387.4
323.8
-357.1
-2331.1
865.2
-2901.1
0
0
542
21.6
7.4
-441.9
227
63.8
0
0
0
86.5
19.5
11.6
-30.6
33.3
0
0
6.4
-0.7
12.1
3.7
-548.3
0
0
0
345.7
25
24
-4.5
-0.2
0
0
0
49.8
19.8
48
-447.7
-31.5
-2.6
0
0
0
-4.8
-7.7
-179.1
80
94.9
0
0
4
20.5
237.6
-311.8
-3.2
0.7
0
0
228.2
234.3
16
-50
-5.6
-393.2
0
0
-4348.9
2985
1800.6
-207.4
-10.2
56.3
0
0
0.3
30
214.6
-179
0
-305.6
0
0
-7.4
-26.4
1.9
6.4
-382.3
4847.9
0
0
52.4
368.4
-124.6
-6655.2
-12.6
-0.1
0
0
204.6
-4667.1
55.9
-139.9
905.2
5144.4
0
0
0
-22.9
-6070.9
5667.7
115.4
-22.5
0
0
0.8
-5359.8
-422.4
357.9
1074.4
4970.1
0
0
-4948.8
-55.7
-1059.2
5910.7
162.5
95.5
0
0
14581.1
-3903.6
2768.3
-2721.3
-3830.9
-5782.9
0
0
587.6
5829.1
4600
-4110.6
-1960
-3495.5
0
0
713.1
2681.2
3374.8
-89.8
-804.2
-15587.1
0
0
5106.4
2440.7
-1108.3
-2852.1
18.4
-510.2
0
0
4584.3
2790.5
2422.1
-5912.2
297.5
1391.3
0
0
-0.1
-176.9
1493.4
-2779.2
2790.2
-1654.8
0
0
644.3
-24.7
3063.9
-3271.3
276.4
-275.2
0
0
3706.3
2233.4
-121.6
-2625.1
1063.4
-5860.1
0
0
-2413.5
1022.4
-795.4
695.6
563.6
961.8
0
0
-0.1
-130
-644.7
1529.8
-2529.5
-70
0
0
19.4
671.3
-1524.7
101.4
101.3
3846.7
0
0
105.9
-820.1
32.7
25.8
50.6
109.6
0
0
-788.1
-2147.7
-198.1
485.8
305.8
657.8
0
0
26.7
-0.4
-2264
2484.3
-796
-46.2
0
0
-11.7
-2005.5
1002.6
-110.8
1296.5
1012.7
0
0
-2821.8
-603.8
273.2
3069.7
59.7
209.4
0
0
3377.1
162.3
-1396.7
932
-1041.3
-3100.8
0
0
999.8
-491.8
454.8
1583.5
-467.2
-3247.2
0
0
-0.4
1399.8
-592.7
0
592.2
-1629.1
0
0
2603
901.4
-92.2
-3407.8
1598.6
613.8
0
0
2160.6
-1398.6
-740.3
1494.5
865.6
-3396.5
0
0
0
6.6
4861.6
-2104.3
50.5
-29.4
0
0
3634.9
-717.1
1949.9
1246.8
237.2
-4155.2
0
0
229.8
-166.3
-285.4
-823.5
-1684.1
-988.4
0
0
11902.8
-981.1
2307
-2169.9
-2360.3
-4760.4
0
0
-531.7
3623.4
5689.8
-5090.9
-1821.2
-2849.4
0
0
697.9
3775
3049.3
-158.1
63
-16021.3
0
0
3296.9
496.2
1222.3
-3090.8
1204.9
-518.7
0
0
1739.2
3117.5
2702.3
-3165.9
-617.5
-37.2
0
0
0.1
-348.2
956.7
-1944.1
3819.2
-1318.7
0
0
-473
1931.6
3146.1
-3312.6
17
-674.6
0
0
6234.8
863.3
-776.6
-5631.9
1589.8
-4792
0
0
-2061.8
-124.2
-2103.4
1862.8
-161.4
1066.7
0
0
-0.2
-3091.4
78.4
690.7
879.2
2017
0
0
-18.3
-63.5
-1932.1
-856.9
-586
4030.8
0
0
6663.6
1589.4
-6136.2
32.2
661.8
1093.6
0
0
-365.7
-538.1
-154.7
271.8
-421
-1603
0
0
0
16.4
-126.5
12.1
-82.7
581.2
0
0
-1.2
-2627.9
-759.6
3341.1
-1408
-267
0
0
-570.9
-900.9
224.2
-328.9
350.2
1828.3
0
0
0
0
0
0
0
0
0
0
0
0
0
0
0
0
0
0
0
0
0
0
0
0
0
0
0
0
0
0
0
0
0
0
0
0
0
0
0
0
0
0
0
0
0
0
0
0
0
0
0
0
0
0
0
0
0
0
0
0
0
0
0
0
0
0
0
0
0
0
0
0
0
0
0
0
0
0
0
0
0
0
0
0
0
0
0
0
0
0
0
0
0
0
0
0
0
0
0
0
0
0
0
0
0
0
0
0
0
0
0
0
0
0
0
0
0
0
0
0
0
0
0
0
0
0
0
0
0
0
-1742.3
-638.5
-1520.7
1658.8
-1437.6
2199.7
0
0
1.4
-2842.7
149.8
684.7
791.5
1800.1
0
0
17.1
-256.5
-1479.3
-895
-865.1
4310.8
0
0
0
8258.1
-6229.3
90.5
649.3
926
0
0
-5.7
-570.4
-147.8
-136.5
-2429.7
295.5
0
0
0
-7
-56.2
-39.7
-38.1
311
0
0
2.7
-2708.2
-378.1
3334.6
-1639.8
3.7
0
0
-424.5
-1070.7
414.3
-284
229.2
1714.6
0
0
19.1
0.5
-1.6
-2.2
-10.6
0.8
0
0
0.1
-1.3
13.2
-13.9
-6.3
0
0
0
21.2
0
0
-0.2
-0.4
-18.4
0
0
7.2
-22.1
-0.5
2.9
1.8
0
0
0
9.6
-0.2
0
-23.6
0.4
17.6
0
0
0
-7.1
11.2
-7.5
-0.6
2.8
0
0
0.9
3.5
2.3
-7.8
2.6
0.7
0
0
0
9.8
8.5
-6.4
-0.1
-5.9
0
0
-1776.1
1.9
0
17.1
-27.6
1775.2
0
0
3.4
-1774.2
-0.7
22
-6.6
1775.5
0
0
-39.6
-4.6
-1738.8
1.6
3.7
1776.6
0
0
-1785.8
1773.7
0
0
0
0
0
0
-1773.7
-8.8
0
7.2
0
1780.3
0
0
0
-0.1
-1431.1
-38.1
-4.8
1784.5
0
0
2.7
-1775.3
-10.9
8.6
-0.8
1473.4
0
0
-1771.9
-14.3
2.3
-2.7
-0.6
1777.4
0
0
618.5
-358.3
-1272.7
-235.6
-31.8
-52.1
0
0
5.7
-4625.2
4313.5
-97.2
630.6
631.4
0
0
1028.8
58.3
-705.1
-1256.7
-512.3
2005.3
0
0
1854.3
1906.4
-2334.1
-669
-111.8
2012.8
0
0
1523.3
28.3
220.3
-2900.5
161.7
-1031.6
0
0
0.2
-15.3
1330.9
-201.6
50.3
-1025.3
0
0
-200.8
-4105.2
3886.4
2670.5
-1396.4
-1113.5
0
0
375.7
-611.5
214.9
-762
559.8
-462.3
0
0
1093.5
25.4
-72.3
-39.6
-552.9
-368.7
0
0
0.1
0.9
558.1
-650.6
69.2
-460.6
0
0
0
1047
-8.6
-14.5
-122.5
-421.9
0
0
467.6
-70
-1030.3
-57.5
0
-0.1
0
0
462.4
157.3
-4
-1057.6
405.5
272.1
0
0
1.1
-47.6
106
-160.3
132.2
595
0
0
4.8
-557.1
825.7
-161.5
-172.6
-94.9
0
0
-173
474
-464.3
-206.1
643
-371.8
0
0
-649
94.3
2.2
-85.4
-1074
1866.4
0
0
-0.3
-1047.3
394.5
-1153.3
196.5
1619.1
0
0
-332
1343.5
-1272.6
-81.5
-50
693.7
0
0
-26.9
-1818.5
585.8
-34.1
-7.6
0
0
0
15.7
-533.7
-0.4
76
816.5
521.4
0
0
0
-0.1
549.9
-1036.5
355.2
452.2
0
0
3.9
-1285
-507.3
25.2
39.7
-38
0
0
43.7
-423.9
-30.4
-1059.7
914.7
1937.4
0
0
10529
-1629.3
359
-612.8
-3642.8
-3750.1
0
0
-139.1
-2457.3
8558.9
-5826.4
168.9
-2902.3
0
0
1773.9
5775.2
-1874.3
71.2
1027.9
-8394.7
0
0
3317.9
1198.1
473.1
-10166.6
1955.3
-0.1
0
0
3683.3
6658.6
5.5
-3433
1195.3
-1790.1
0
0
0
-58.2
5521.9
-3606
1672.9
-562.8
0
0
740.4
-662.6
4324.7
-2441.7
-853.6
-1826.9
0
0
2306.4
1033.1
-237.2
-3370
1850
-3962.6
0
0
-8387.7
146
-47.5
51.7
34.7
8339.6
0
0
-2
-2734.2
-5725.1
361.4
-76.1
6929.2
0
0
236.3
18
-8811.4
331.2
-2.8
8430.9
0
0
-6625
-636.5
-500.9
8567
0
0
0
0
-7155.1
-1060.4
-1.4
439.8
-448.8
7037.7
0
0
0
2.5
-6563.4
6597.7
-759.8
-808.1
0
0
-2099.1
-3837.6
-37.3
-109.5
-139.9
6585.6
0
0
-6700.9
545.3
-8
73.6
2814.3
5736
0
0
-1564.1
-697.8
423
-406.2
-859.2
3245.8
0
0
-6.9
-161.3
-2120.7
2723.9
11.8
-1375.1
0
0
-54.8
714.4
-1318.4
-474.6
500
1578.6
0
0
934.7
1485.2
-1878.1
1637.7
-9.7
0
0
0
-121.6
139.2
-1725.9
-835.9
-1663.5
2317.7
0
0
0
59.3
-1081.2
-14.7
881.9
100.7
0
0
-20.1
-949.2
1249.4
615.6
689.4
-1296.2
0
0
-835.7
-2214.6
2166.5
518.5
38.6
-346.4
0
0
6626.1
-2274.9
1368.5
-1945.7
-1327.4
-2760.8
0
0
-175.2
8815.2
-3310.1
-1271.5
-2068.5
-2932.9
0
0
-3437.2
-134.7
8127.8
-731.7
-1.8
-4863.3
0
0
-377.1
4250.1
1192.1
-1367.5
-5909.6
0
0
0
3120
1012.8
2900.6
-2575
244.7
-1310.6
0
0
0
-554.6
3633.9
-3055.9
40.5
-187.1
0
0
2427.4
-1134
89.6
-2925.9
2539.7
-1436
0
0
2706.7
1853.6
-1561.8
-2073.8
1368.4
-613.1
0
0
-1056.5
681.7
-139.6
920
-772.8
402.6
0
0
-4.6
-314.8
823.1
201.8
-893.7
916.8
0
0
5.6
31.8
701.7
-875.2
3.5
275.3
0
0
-0.9
444.8
-80.4
157.3
278.7
1.4
0
0
-287.6
-1299.3
-291.6
292.3
-0.8
-125.1
0
0
0
-13.3
-810.3
862.8
82.9
59.3
0
0
-0.7
-645.1
-84.9
348
551
-210.2
0
0
-555.9
-301.2
164.7
831.8
-339.7
65.3
0
0
8382.9
-38.3
-4977.2
2386.3
-5566.9
-1786.1
0
0
-2.8
-632.9
2100.7
-4676.5
1844.8
438
0
0
-169.4
4.8
-2154.4
1349.7
198.9
-1373
0
0
-45.2
-243.2
120.4
-6948.4
3185.5
0
0
0
288.4
-571.3
86
4538.4
147.1
-2337.5
0
0
0
2.6
9347
-557.8
-39.8
-31.7
0
0
127
659.8
1457.3
4117.1
-3079.3
-5374.2
0
0
5937.1
-149
-3104.1
-5438.3
2141.6
435.9
0
0
2855
-1.2
300.1
-431.9
65
-2820.7
0
0
746.5
2512.1
-9.6
-179
-408.6
-3089.4
0
0
2018.4
95.3
1480.6
-116.9
-3.3
-4053.5
0
0
2456.5
274.3
-591.7
773.9
0
-3842.5
0
0
4759.8
1192.6
-1685.5
-562.1
211.7
-1932.7
0
0
1.4
-189
1133.6
-321.7
-48.6
-1709.2
0
0
1848.1
1986.9
-1287
399.7
-466.1
-1156.4
0
0
4083.1
2.6
-819.4
-406.5
-224.4
-2840.3
0
0
146.1
-0.2
-179
111.6
0
-78.5
0
0
-2.2
26.9
2.2
0.1
120.9
-148.2
0
0
0
0.2
-0.1
-0.1
-32.9
181.2
0
0
0.1
-181
148
0
0
32.9
0
0
0
0.2
-179
178.8
-80.5
-67.6
0
0
0
2.2
-2.2
2.2
-0.1
0
0
0
0.1
-111.6
259.7
-161.2
80.6
0
0
0
0.3
-2.4
0
0.1
0
-67.6
0
0
1180.6
-172.3
-103.1
-1.7
-157.1
-686.8
0
0
294.2
613.7
-67.9
-22.5
78.3
-889.2
0
0
164.5
0
740.8
-194.3
-158.1
-619.1
0
0
243.6
148.9
0
0
0
-905.3
0
0
920.2
-103.1
0
-972.7
905.3
66.5
0
0
0
-156.4
-71.9
3
-63.2
-103.9
0
0
237
538.7
-246.1
-123.4
-157.2
-94.7
0
0
744.4
65.6
0
-38.5
-16.6
-820.2
0
0
2051.4
7.6
527.7
-564.3
-13.7
-1743.7
0
0
3436.5
-1002
-190.3
-83.8
-451.8
-2059.3
0
0
-2050.2
-309.8
5006.9
-383
2
-2198.1
0
0
1284.1
1413.5
-954.1
0
0
-2808.1
0
0
2184
-95.7
667.1
-2312.5
626.8
-400.2
0
0
0
-396
536.3
1220
-47.6
-1959.1
0
0
397.3
2425.3
-645.8
-538.9
111.2
-256.6
0
0
1897.4
-179.9
161.5
-116
-145.1
-2051
0
0
-8975.3
-479.1
-2410.5
513.9
1014.8
9909.2
0
0
-3.1
-3278.3
-6849.8
2481.8
666.8
5222.9
0
0
-302
-1427.4
-6014.2
80.8
213.7
10374.9
0
0
-1876.8
-702.8
-1705.9
-307.4
-1209.2
-119.2
0
0
14335
-846.1
-11842.3
2192
311.7
3606.7
0
0
0
86.4
-867.8
-3994.3
-2116.1
249.9
0
0
-33.4
-90.1
-8619.3
2753.8
-474.6
3848.4
0
0
-2006.7
-2407.6
-770.9
5037.7
-2490.9
9320.7
0
0
0
0
0
0
0
0
0
0
0
0
0
0
0
0
0
0
0
0
0
0
0
0
0
0
0
0
0
0
0
0
0
0
0
0
0
0
0
0
0
0
0
0
0
0
0
0
0
0
0
0
0
0
0
0
0
0
0
0
0
0
0
0
0
0
0
0
0
0
0
0
0
0
0
0
0
0
0
0
0
0
0
0
0
0
0
0
0
0
0
0
0
0
0
0
0
0
0
0
0
0
0
0
0
0
0
0
0
0
0
0
0
0
0
0
0
0
0
0
0
0
0
0
0
0
0
0
0
0
-6595.7
-573
-2335.2
347.7
503
8141.1
0
0
-3.2
-1429.5
-6556
2192.1
737.5
4214.6
0
0
-260.8
-510.7
-4893.3
-238.9
-376.4
8076.9
0
0
-939
-706.6
-1003.4
-620.9
-784.4
108.5
0
0
0
13241.6
-11787.9
659.3
-85.7
3739.7
0
0
0
76.9
444
-4320.3
-5036
2050.1
0
0
-22.3
1476.8
-7933.6
1861.5
295.8
2652.4
0
0
237.5
-2663
-731.5
3118.2
-1172.2
7404.3
0
0
168.2
0
0
0
0
-168.2
0
0
0
0
163.7
0
-2
-166.2
0
0
0
48.4
4.5
0
0
-168.2
0
0
168.2
0
-115.3
66.9
0
0
0
0
168.2
-168.2
0
0
0
0
0
0
0
0
-112.8
110.8
0
168.2
0
0
0
-163.7
212.1
0
0
-48.4
0
0
0
2
0
0
0
-168.2
0
0
0
0
0
0
0
0
0
0
0
0
0
0
0
0
0
0
0
0
0
0
0
0
0
0
0
0
0
0
0
0
0
0
0
0
0
0
0
0
0
0
0
0
0
0
0
0
0
0
0
0
0
0
0
0
0
0
0
0
0
0
0
0
0
0
-4677.5
-1971.2
-890.9
715.9
2808.4
3470.2
0
0
-2.3
742.6
-6064.1
4303.8
-162.4
-20.5
0
0
206.5
-3030.9
-1639.9
-1243.9
723.5
5667.7
0
0
2402.2
141.5
-1740.8
114.4
-219.7
490.7
0
0
1148.4
1259.7
-2194.1
1706.8
508.4
2074.8
0
0
0
23.6
-491.3
-6730.7
-1758
1106.4
0
0
-19.1
3126.1
-5560
1750.8
978.2
452.2
0
0
157.5
-2639.9
402.3
5647.7
-3230.5
2157.4
0
0
389.7
0
-7.3
7.3
-76.5
-237.3
0
0
0.1
241.4
14.8
-96.2
-20.1
-229.7
0
0
6.4
-3.6
300.4
-54.1
-22.8
-234.4
0
0
320.8
60.1
-26.4
-2.8
0
0
0
0
87.1
-27.2
-388.3
0
0
0
0
0
0
0.1
-47
-88
-133.6
289.9
0
0
0.1
-64.8
283
-297.4
10.9
0
0
0
295.3
108.5
0.2
0
0
-358.6
0
0
0.1
0
0.1
-0.1
-0.3
0.2
0
0
0.1
-0.1
-0.3
0.3
0
-0.1
0
0
-0.3
0
0
-0.1
0.2
0.3
0
0
-0.1
0
0.3
-0.1
0
0
0
0
0.1
0
-0.2
0
0
0.3
0
0
0
0.1
-0.3
0
0
-0.1
0
0
0
0
0
0.1
-0.1
0
0
0
0
0
0
-0.1
0
0.1
0
0
5042.9
-794.8
1246.2
-2089.1
223.1
-4101
0
0
49.8
2412.3
-89
-118.7
-1739.9
-2623.1
0
0
492.3
203.7
2658.2
-1775.9
-1.8
-4305.2
0
0
4718.9
4036.7
1.9
-1025.5
518
-379.6
0
0
2443.2
1800.9
-4.9
-8417
392.3
-0.9
0
0
-0.1
-79
66.6
198.4
1774.5
-1639.4
0
0
264.3
2191
1494.9
-2839.3
300.5
684.1
0
0
2257.6
1565.6
521.8
-66.7
-450.9
-5017.9
0
0
-1101
33.6
-3141.5
3089.9
344
1086.5
0
0
-1.8
-4176.1
201.4
-268.1
2180.2
1594.5
0
0
-30.8
124.8
-3521.8
823.4
75.7
3027.3
0
0
-780
1701.6
-5792.3
602.3
1617.5
1679.6
0
0
-628.3
740.8
-4827.1
5597.2
-59.8
66.5
0
0
0
28.2
174.3
-45.8
-187.6
45
0
0
0.2
-1254.3
-891.6
4064.7
-1731.7
0
0
0
-785.2
-131
-191.9
-598.5
482.3
764.7
0
0
226.3
-67.6
134.2
-146.8
-350.8
273.2
0
0
-163.2
-1471.2
1316.1
-1054.5
-159.9
1254.7
0
0
-227.9
1264.1
-1037.4
-52
6.5
-11.5
0
0
-1712.3
1174.8
-133
-600.2
474.7
-1.4
0
0
-427.5
1032.6
316.4
-231
-1.7
0
0
0
0
-379.6
735.1
-673
1046.7
1204.1
0
0
-113.6
-1129.3
1780
-133.6
165.9
-430.3
0
0
-312.4
-571.7
-321.5
-1252.2
246
515.7
0
0
8048
288.2
-916.1
27.6
-2978
-3165.9
0
0
15.1
-885.4
5779.1
-3166.7
346.9
-3598.9
0
0
715.9
2919.1
1557.7
-261.5
1370.3
-6357.5
0
0
3555.8
25.2
6532.5
-6634.9
826.9
-1418.2
0
0
3792
5428.1
-2621.6
-505.6
-9759.5
-29.9
0
0
0.3
-247.1
5790.3
-1971.4
-150.6
-1677.3
0
0
238.5
-337.1
6597.2
-350.4
-1480
-3871
0
0
3494.8
-482.1
-114.7
-2556.2
2643.3
-4455.2
0
0
1906.5
192
-51.2
-18.3
-749.7
-2120.5
0
0
-0.1
-350.3
852
-442.1
307
-2106.9
0
0
40.5
-3.7
1824.2
-22.2
1291.2
-2776.3
0
0
1222.2
851.3
-2128.3
2830.6
-295.7
-271.5
0
0
1001.3
918.5
75.1
-55.8
-1896
0
0
0
0
-2.1
1496.2
-1.5
0
-11.6
0
0
0.1
1886.8
721.9
256.7
-476.3
-1657.2
0
0
1479.6
27.3
-375
-585.1
-1509
-1274.6
0
0
-10350.1
3229.4
830.8
257.6
2911.3
3722.1
0
0
1.4
159.4
-6887.7
3613.8
593.9
1489.6
0
0
-106.2
-7054.3
1096.6
123.7
-5066.3
11234.8
0
0
-2222.9
-2095.5
-3913.8
9477.6
-16.1
-116.2
0
0
-4870
-7120.7
-508.5
1952.7
11703.7
0
0
0
0
-78.3
934.1
-9051.9
-854.5
5.3
0
0
653.8
847.5
-3280.8
-15.2
2191.3
4444.7
0
0
665
-1881.4
-4723.1
7552.1
-1878.1
2399.4
0
0
7641.5
4479.1
-690.1
-1473.8
-2408.9
-3809
0
0
229.1
1919
424.9
-2990.7
-266.6
-6751
0
0
2010.8
-3152.6
2573.6
323
-2988.5
-2702.2
0
0
4466.1
4533.6
-542.4
825.7
1211.8
-783.7
0
0
6573.4
-2612.2
435.4
1672.5
60.9
-9242
0
0
6.9
-183.8
6358.9
3483.4
-1238.3
-2222.6
0
0
630.6
-533.2
8144
585.2
-2586.6
-5628.4
0
0
11122.5
-6373.3
-3547.3
-1483.1
730
-6231.6
0
0
2897.9
-66.6
0
-122.1
221.2
-3069.3
0
0
1228.7
1914.7
-294.3
-675.3
-493.1
-1624.8
0
0
0
0
0
-198.2
-308.3
-2685.8
0
0
2436.9
1294.3
-844.1
-2887.2
2980.9
0
0
0
3492.9
-300.6
0
0
83
-2980.9
0
0
0
0
2898
-4532.5
82.9
0
0
0
2442.9
450.3
-732
0
-342.2
-2460.6
0
0
3712.8
-82.9
718.7
282.1
-1379.4
-1058
0
0
2100.9
-1961
436.4
-30
393
-892.3
0
0
41.3
577.5
-313
343.6
-86.6
-1824.9
0
0
689.1
-429.4
1108.5
-88.1
52.3
-1995.4
0
0
928.6
-6.1
-405.8
-1.1
-20.4
-132.4
0
0
316.1
11.1
0
2.1
1780
-2009.4
0
0
0
-17.7
2.1
393.5
774.7
-184.7
0
0
66.8
1730.2
170.9
-721.5
-1338.8
-0.1
0
0
2133.4
385.4
-35.7
-1107.6
68.4
-903.9
0
0
9517.6
-436.4
-259.1
-686
-2468.7
-5943.2
0
0
279.5
1539.1
3655
-1800.2
-510.3
-5171.1
0
0
3140.5
1407.8
668.9
319.1
891.4
-6988.4
0
0
5031.1
2095.5
2738.7
-3501.2
41.3
-2498.1
0
0
5493
1080.5
-87.1
-34.7
35.5
-9513.1
0
0
-105.9
-225.1
6054.7
-531.8
-91
-2530.4
0
0
936.2
222.3
7188.8
-223.9
-659.8
-5464.8
0
0
6520.5
-1179.9
316.5
-2840.7
-57.4
-5365.2
0
0
-2222.9
-190.3
-378.5
-1.7
-302.7
3203.8
0
0
-1.7
-2037.7
-966.1
174.7
305.7
2562.9
0
0
-387.6
-64.3
-2072.3
-72
-132.5
3030.2
0
0
-1636.9
-936.2
-254.7
-12
-32.7
972.7
0
0
-862.7
-184
-64.8
65.4
-490.5
891.2
0
0
3766.2
308.9
-858
-596.4
124.1
765.2
0
0
-3.5
189.3
-1250.9
206
-205.4
254.1
0
0
-983.2
-753.7
-611.2
-12.6
-984.5
2743.8
0
0
0
0
0
0
0
0
0
0
0
0
0
0
0
0
0
0
0
0
0
0
0
0
0
0
0
0
0
0
0
0
0
0
0
0
0
0
0
0
0
0
0
0
0
0
0
0
0
0
0
0
0
0
0
0
0
0
0
0
0
0
0
0
0
0
0
0
0
0
0
0
0
0
0
0
0
0
0
0
0
0
0
0
0
0
0
0
0
0
0
0
0
0
0
0
0
0
0
0
0
0
0
0
0
0
0
0
0
0
0
0
0
0
0
0
0
0
0
0
0
0
0
0
0
0
0
0
0
0
-1368.3
-303.6
-365.2
-445.6
-385
3235.8
0
0
-3.2
-1852.7
-857.4
-386.9
390
2360.7
0
0
-395.7
258.8
-2035.4
-308.6
282.5
2225
0
0
-1795.1
-593.2
-143.6
-271.1
75
1130.7
0
0
-596.9
536.6
-103.8
-1262.4
-318
1779.3
0
0
0
2662.5
-844.7
-607.9
121.6
810
0
0
-3.5
81.1
-768.2
83.6
-241.3
-4.9
0
0
-265.8
-695.9
-553.5
-351.3
-751.6
2847.1
0
0
1.8
-5.2
0
-1.2
-0.1
4.4
0
0
0.1
-0.2
-3.5
1.7
0
1.2
0
0
-0.9
-0.9
-0.3
0
-0.2
3.3
0
0
-0.7
2.2
-2.5
5.5
0
0.7
0
0
-3.4
0
0
5.2
-6.8
2.4
0
0
0
3.4
-0.6
0.1
-0.2
1
0
0
-2.7
-0.2
-3.4
0.9
-1.2
3.6
0
0
-0.7
0
-4.8
-0.7
-0.5
3.4
0
0
0
0
0
0
0
0
0
0
0
0
0
0
0
0
0
0
0
0
0
0
0
0
0
0
0
0
0
0
0
0
0
0
0
0
0
0
0
0
0
0
0
0
0
0
0
0
0
0
0
0
0
0
0
0
0
0
0
0
0
0
0
0
0
0
559.4
275.9
-303.7
-643.4
-227.5
700.9
0
0
53.8
-982.1
702
-1362.7
435.5
863.9
0
0
-239
602.8
-696.9
-414
104.4
113
0
0
-1071
325.5
-378.8
-475.6
689.1
94.5
0
0
1041.7
360.9
-349.6
-1098.6
674.3
902
0
0
0
275.5
-1568.6
786.3
171.1
783
0
0
-98.8
-420.5
835.3
-167.3
-98.6
-59.5
0
0
895.1
-427.5
-568
-1518.7
-505.8
1430.3
0
0
468.1
305.9
-263.4
-163.9
-371.6
133.9
0
0
-6.1
-0.2
31
-177.5
11.7
29.3
0
0
-27.5
328.1
-265.9
-23.5
82.9
-453.3
0
0
-12.8
22.9
107.4
-112.1
33.3
12.8
0
0
15.1
798.9
235.6
-701.3
609.5
2.3
0
0
0
-2.4
-847.7
16
0
19.9
0
0
-5
73.2
218.7
-29.9
25.3
19
0
0
460.5
30.2
-104.3
-884.6
342.9
18.6
0
0
296
302.6
-451.9
-28.4
-140.2
65.4
0
0
0
160.9
-140.7
-32.1
151
-101.1
0
0
-307.1
-2.5
282.5
-29.3
161.1
-301.8
0
0
-114.2
115.2
-134.5
1.3
145.7
146.4
0
0
-2.4
291.2
0.1
-917.2
713
263.3
0
0
0
0
-1227.1
-0.3
0
493.6
0
0
0
719.5
-19.2
-11.4
-269.2
-61.1
0
0
450.1
0
270
-851.9
-0.3
115
0
0
10227.4
-237.5
662.9
-1123.8
-2676.1
-6236.9
0
0
4.2
939
6183.6
-5131.2
739.8
-3111.6
0
0
795.3
2098.3
4010.2
-372.1
910.4
-10317.6
0
0
70.5
2154.4
-372.1
-785.7
469
-743.4
0
0
2415.5
4977.1
3389.4
-1800.5
555.8
-83.5
0
0
-0.1
50.1
-1621.8
-7690.2
1247.2
484.2
0
0
192.6
2999.5
4425.9
-1354.3
-734.5
-1007.9
0
0
5026.3
1377.5
-454.4
-6255.3
850.6
-5146.2
0
0
-5596.8
3922.3
-381.3
-1640.1
1119
3023.8
0
0
0.7
5788.5
-4552.5
1563.9
-962.6
763
0
0
8.1
-4657.9
-4367.2
643.2
-3968.3
8632.7
0
0
-548.8
5953.5
-3524.7
-4653.8
-778.9
-316.1
0
0
-4.6
1513.6
-9548.3
847
2569
273
0
0
0
5.7
2434.7
966.2
-463.8
66.6
0
0
-8.8
3516.4
-2309.9
104.3
2098.4
-306.7
0
0
5596.1
-1982
-6172.6
7221.5
-3668.4
1782.9
0
0
-9984.7
3953.9
1420
-98
802.8
2921.2
0
0
-218.8
-3156.4
-3741.6
3166.5
37.9
715.4
0
0
-2165.5
-2812.2
2945.2
137.4
-5910.8
9855.6
0
0
-1244.6
-601.3
-1592
2969.8
541.9
26.5
0
0
-1070.1
-7287.3
879.6
1348.9
5163.8
243.4
0
0
0
10.6
-6984.2
9881.8
-598
-146.2
0
0
0.9
2401.6
-14660.4
437.7
5989.7
3755.6
0
0
-1492
126.9
-8252.3
10164.8
155
1962
0
0
4823.9
-2687.7
-316
-229.4
1460.4
-2954.7
0
0
2.9
1443.1
-488
1164.2
-131.5
-3371.1
0
0
951.7
415.3
578.2
-556.9
156.3
-2517.3
0
0
2256.2
873.9
-683.8
-10.5
-522
-334
0
0
1842.4
-286.3
1032.4
-1465
-159.2
1860.1
0
0
0
-51
1594.2
270.2
-3240.7
-279.8
0
0
191.8
1953.9
988.8
-1404.3
-1341.1
-989.9
0
0
3638.9
291.2
-319.6
-211.9
-21.3
-3217
0
0
-1234
140.3
2.7
-3.2
-638.6
1731.7
0
0
0
220.2
-1408.8
950.3
-188.6
325.1
0
0
10.9
-727.9
-698.8
289.4
-361.7
1307.3
0
0
268.4
668.7
-7.1
-1192.2
-8.8
-15.7
0
0
1141.7
517.2
-4293
1406.7
-1676.5
300
0
0
0
4.2
2281
967.5
-94.3
0
0
0
12.6
404.9
-331.5
44.4
-14.1
-78.7
0
0
-307.6
-990.6
852.2
547.3
159.5
-282.5
0
0
-547.5
-0.2
-132.7
99.1
-2.3
580.5
0
0
9.1
-261.2
-182.5
-52
60.5
417.1
0
0
181.2
2.7
-730
-6.1
-64.2
602.1
0
0
-372.8
-138.2
104.4
62.5
-18.6
-243.7
0
0
150.5
55.4
-60.8
82
-7.4
336.4
0
0
0
12.8
-279.2
2.2
676.1
0
0
0
90.3
210.5
-640.1
-276.7
0.5
0
0
0
-398
37
2.6
-2.5
0
641.2
0
0
4575.1
-178.7
-192.6
-60.6
-57.7
-3855.7
0
0
580.9
1933.4
1178.1
-204.1
-385.2
-3471
0
0
1920.3
38
1789.4
-56.5
-52.1
-3949.5
0
0
3497.2
260.2
45.5
-447.7
-530.9
-916.2
0
0
2398.9
182.8
367.3
-2053.5
-212.5
-1672.6
0
0
0
-54.7
1634
7.7
133.6
-5004.6
0
0
1255.7
593.9
2378.3
-103.7
-104
-1153.2
0
0
3251.8
840.7
170
-19.9
78.5
-4374.1
0
0
-1843.6
-208.9
95.8
-3.4
29.4
1945.2
0
0
314.3
-2126.1
-94.5
-66.3
-119
1911.9
0
0
417
8.2
-2118.6
149.1
3.2
2142.7
0
0
-1945.4
216.4
-110.8
-279.3
-144.3
-104.4
0
0
183.5
21.5
-15.6
2143.4
-2260.9
-122.5
0
0
0
-5.4
-47.3
0
-200.7
2075.6
0
0
362.8
-363.5
-1850.5
2243.8
-260.1
-13.8
0
0
-1915.1
19.5
-7.8
-203.1
209.3
1938.3
0
0
144.9
-19.1
-78.3
41.9
-0.4
-77.2
0
0
0
30.2
0.4
-39.1
31.1
-136.8
0
0
48
15.7
41.5
29.6
-19.1
-55.7
0
0
14.9
58.8
30.7
-0.4
-25.8
-61.8
0
0
51.3
44
-33.9
19.3
-0.7
-54
0
0
0
2
-62.2
0
0
-79.8
0
0
0
75.5
76.3
-142
68
0
0
0
150.1
-73.8
1.6
59.3
0
-75
0
0
2650.5
-156
-116.8
-33.6
-80.7
-2057
0
0
-623.8
4864.7
-2511.4
-176
-352.9
-1652.1
0
0
474.2
77.3
1874.1
-49.2
-60
-2161.6
0
0
1521
340.7
10
410.2
-795.4
28.6
0
0
1027.9
207.6
372.6
-2078.8
-209.5
-423.1
0
0
-0.2
-17.5
-139.6
-157.8
146.2
-3070.9
0
0
1123.6
-1583.4
3209.5
-69.8
-105.8
402.6
0
0
2139.1
761.9
-420.5
-14.4
30.5
-2555
0
0
-7444.5
1586.2
238.2
-62.8
190.9
5521.3
0
0
-0.3
-1524.3
-3876.7
1570.7
-420
5019.5
0
0
-215.4
-1136
-2267
-73.8
-1573.6
6991.6
0
0
-3081.9
-1198.5
-1040
1429.3
-663.6
1198.4
0
0
-3688.2
-1202
-228.3
376.9
-1097.1
3596.6
0
0
0
7.6
-1777.2
-3074.9
-882.8
542.8
0
0
9207.6
1189.8
-9423.8
50.6
2005.7
3214.1
0
0
-2616.3
-353.9
-3048.3
2875.2
-282.6
5440.8
0
0
0
0
0
0
0
0
0
0
0
0
0
0
0
0
0
0
0
0
0
0
0
0
0
0
0
0
0
0
0
0
0
0
0
0
0
0
0
0
0
0
0
0
0
0
0
0
0
0
0
0
0
0
0
0
0
0
0
0
0
0
0
0
0
0
0
0
0
0
0
0
0
0
0
0
0
0
0
0
0
0
0
0
0
0
0
0
0
0
0
0
0
0
0
0
0
0
0
0
0
0
0
0
0
0
0
0
0
0
0
0
0
0
0
0
0
0
0
0
0
0
0
0
0
0
0
0
0
0
-6277.2
1627.2
31.2
-520.6
28.7
5474.1
0
0
-0.3
-1736.2
-3661.1
209.2
-30
5023.2
0
0
-202.4
-1246.2
-2155.8
-491.3
-1510.3
6888.3
0
0
-3575.2
-649.3
-941.8
1100.4
371.1
1211.5
0
0
-3870.2
-748.1
-883.8
-649.4
654.6
5172.6
0
0
0
7.5
-3928
-2517.9
-80.5
338.1
0
0
0
9563.4
-9094.5
31.7
1626.5
3185.8
0
0
-2143
-75.7
-3105.1
2133.8
-38.4
5453.4
0
0
0
0
0
0
0
0
0
0
0
0
0
0
0
0
0
0
0
0
0
0
0
0
0
0
0
0
0
0
0
0
0
0
0
0
0
0
0
0
0
0
0
0
0
0
0
0
0
0
0
0
0
0
0
0
0
0
0
0
0
0
0
0
0
0
-61.6
0
-1.5
-9.9
0
63.1
0
0
0
26.9
-90
0
9.9
63.1
0
0
-61.6
0
0
0
0
71.5
0
0
-60.5
0
-1.1
0
0
63.1
0
0
-61.6
9.9
0
50.6
-88.9
28
0
0
0
0
-1.1
0
0
61.6
0
0
-63.1
51.7
0
0
0
0
0
0
-51.7
0
0
-11.4
0
64.6
0
0
-1238.6
30.6
173.9
-490
1251.6
543.8
0
0
-0.8
-2988.3
-768.7
-79.3
217.2
869.2
0
0
-287.4
1512.7
-914.7
-570.8
-1624.5
994.5
0
0
315.9
1041.3
229.8
1576.8
1576.7
259.2
0
0
46.4
12.4
-950.4
-1075.6
575.4
-1993.7
0
0
-0.1
14.5
-1643.5
-1754.4
334.8
-337.6
0
0
-178.4
2246.4
-6371.9
-617.9
2985
758.3
0
0
6412.1
980.4
-4772.4
2576.8
151.2
972.1
0
0
8.6
0
-1.5
-2.3
-93.2
89.7
0
0
0
-88.6
0.9
-8.4
2.8
88.6
0
0
4.2
0
-88.6
-5.1
-0.7
95
0
0
0.9
-84.5
-1.3
-0.3
0.1
88.6
0
0
0
-0.1
0
16.3
2.2
1.1
0
0
0
4.5
0
-0.3
-0.1
-1.6
0
0
0
-19.3
80.8
-2.4
0
0
0
0
-88.7
6.6
-2.8
-0.5
0.2
-0.8
0
0
-1639.4
13.5
-273.2
563.9
2.4
1429.4
0
0
0
-759.8
-963.6
1067.2
96.9
441.4
0
0
-65
-118.1
-931.3
-62.3
51.6
1841.6
0
0
-137.1
-827.5
-617.9
301.8
-14.8
533.5
0
0
-959
-1183.9
60.8
1733.9
-258.7
195.6
0
0
0
13.7
-497.3
289.9
179.9
43.2
0
0
-0.2
-2207.4
2102.3
371.5
327.1
143.9
0
0
-0.1
-3006.3
-4.3
1230.2
70.9
1421.1
0
0
9972.9
439.7
-703.6
-1518.6
-2598.8
-4063.4
0
0
-59.6
1149.2
3412.7
-3664.3
-1431
-1179
0
0
186.7
536.5
2642.4
-644.3
-487.4
-5856.3
0
0
5569.3
-1608.7
-582.6
-3633.6
3726
431.8
0
0
2333.5
823.4
1541.9
-4530.9
2389
1516.9
0
0
-0.3
46.2
-118.9
-1977.8
4303.6
-2747.8
0
0
-40.4
3511
3625.3
-13944.7
51.6
0
0
0
5544
5280.1
-458.6
-4829.1
370.8
-2724.8
0
0
-433.7
0.3
-24.4
3.6
19.5
433.9
0
0
61.5
-365
-175.6
148.9
-39.4
311
0
0
-504.2
18.9
2.1
-5.4
-11.8
464.9
0
0
-453.6
68.2
-27.2
110.2
2.1
422.2
0
0
-352.4
3.2
-2.3
-130.7
126.4
433.4
0
0
0
-11.3
-577
19.1
64.6
540.7
0
0
-408.2
-27.6
-169.6
424.2
2
0
0
0
-284.4
-157.5
14.8
-5.1
-13
483.7
0
0
-2760.9
-867.5
-565.8
1816
37.9
2527.5
0
0
-37.7
-3967.6
-536.9
69.5
1016.2
3273.6
0
0
-188.9
-52.6
-4514.6
1096.6
260.5
4825.4
0
0
-4575.3
-123.9
136.8
-105.2
212.9
221.3
0
0
-654.6
378.6
-929.4
4611.2
-684.8
567.8
0
0
1.5
-33.6
39.1
8.7
-1032.3
1195.3
0
0
-3.9
-647
-5411.9
5946.7
-56.9
0
0
0
75.9
18.6
-6631.9
-7.4
1330.6
4722.4
0
0
12755.1
-1477.9
-1813.3
1039.9
-4156.4
-5659.4
0
0
-4
131.1
5834.9
-5187.7
1107.5
-3730.8
0
0
1197.8
1875
-41.2
1273.3
152.6
-7258.8
0
0
4870.3
-1952.1
-393.8
-5646
5537.2
-156.4
0
0
3169
3420.2
-1597.4
-269.4
2378.5
-3299.4
0
0
52.7
-115.9
6386.1
-3716.9
2513.5
-2565.6
0
0
762.4
3241.9
4494.5
2244.4
-14692.5
0
0
0
7313.8
246.5
2425.2
-5481
485.7
-5693.2
0
0
-442.4
205.2
-9.5
11.9
-124
248
0
0
-2.9
-488.3
455.5
-337.2
138
446.3
0
0
-86.7
-414.7
668.2
161
-199.7
406.1
0
0
-382.5
-268.8
183.6
-52.4
16.1
8.5
0
0
-632.2
-89.6
319.9
377.4
-276
168.7
0
0
0
68.4
429.1
-1020.4
-9.2
571.3
0
0
-8
-446.7
340.7
-111
491.3
0
0
0
-567
9.2
-241.6
284.4
-289.6
491.6
0
0
-5223.8
-1091
-141.5
49
3347.5
1049.2
0
0
4.1
-2357.3
-2729.7
6623.5
349.4
-403.6
0
0
7.8
462
-358.5
143.3
926
2453.9
0
0
1
-2069.3
525.2
2361.4
-421.9
5.6
0
0
-493.7
-596
-131.8
-543
-4554.1
3877
0
0
24
45.3
-5101.9
-1961.6
-1
22.3
0
0
-16.9
5831.4
-5825.9
74.6
5967.4
0
0
0
-175.3
216.1
6042.4
-6246
1.1
33.3
0
0
11068
-289
-391.4
-1595.9
-4201.5
-5502
0
0
852.4
2360
3707.6
-3814.8
405
-5864.7
0
0
2241.5
2231.6
3152.6
809.4
917
-8894
0
0
4763
2950.9
1152.7
-7958.8
2308.4
-1166.2
0
0
5803.2
-1657.5
2829.6
440.3
-2378.5
-3774.5
0
0
65.6
-53.6
3600.8
1793
-42.6
-2482.2
0
0
1146.6
3114.3
5824.4
-182
0
-11115.1
0
0
11028.5
242.6
-7055.3
-598.1
-157.2
-5634.1
0
0
-7405.7
-429.3
429.3
330.6
1818.4
5256.7
0
0
0.2
95
-7170.2
3199.9
0
3950.5
0
0
-3167.3
-707.7
-2364.3
0
-429.4
7075.1
0
0
-5792.2
0
0
4881.2
0
-0.1
0
0
-5850.7
0
203.2
-343.4
-791.4
6294.5
0
0
0
0.1
-4250.1
4250
-7835
-95.1
0
0
289.8
1012.1
-3883.4
0
0
7835
0
0
-3812
-139.7
-300.9
1995.5
3727.7
2123.1
0
0
-630.1
-56.8
0
-19.8
1444.2
-186.6
0
0
0
239.7
-1969.1
990
-28
80.7
0
0
0
-1788.6
230
-274.4
-48.8
225.2
0
0
0
1675.4
-802.5
653.6
239.8
0
0
0
622.7
-687.8
420.5
-131.9
-347.8
93
0
0
0
0
-805.2
-1083
0
0
0
0
0
1945.6
-1945.6
0
0
544.8
0
0
3233.2
-1832.4
843.9
-299.1
-544.8
0
0
0
12351.2
-853.4
-662.3
-765.8
-2614.9
-6609.2
0
0
878.6
970
6103.7
-4915.5
-179.6
-4490.6
0
0
2372.8
2158.7
1941.7
219.1
402.6
-9429.5
0
0
4125.5
1556.7
193.6
-4288.3
1853.5
-1100.9
0
0
3645.1
1559.2
1579.4
-1258.8
-614.3
-3053.2
0
0
-97
33
6632.5
47.2
-242.6
-2122.8
0
0
1175.9
1406.4
6892.3
0
0
-11825.9
0
0
6762.9
-205.4
-1023.4
-2571.6
-111.1
-5825.5
0
0
-8850.2
-1208.5
-3788
2107.2
3418.8
8440.3
0
0
-0.3
-5589.7
-7098.5
6860.8
170.3
4928.5
0
0
-500.2
-1498.3
-3830.6
451.6
-309.9
11409.8
0
0
-4672.8
-762.3
-1482.3
1578.4
-1147.6
863.5
0
0
-1537.2
-1667.1
-2526.5
4777.4
-2610
1011.2
0
0
0
6.7
-2922.4
-1509.9
-2107.2
-78.1
0
0
-43.2
7591.7
-11885.8
-1706.7
-576.9
1760.3
0
0
17770.9
-3029.8
-472.9
-4709.7
1220.3
3754.9
0
0
0
0
0
0
0
0
0
0
0
0
0
0
0
0
0
0
0
0
0
0
0
0
0
0
0
0
0
0
0
0
0
0
0
0
0
0
0
0
0
0
0
0
0
0
0
0
0
0
0
0
0
0
0
0
0
0
0
0
0
0
0
0
0
0
0
0
0
0
0
0
0
0
0
0
0
0
0
0
0
0
0
0
0
0
0
0
0
0
0
0
0
0
0
0
0
0
0
0
0
0
0
0
0
0
0
0
0
0
0
0
0
0
0
0
0
0
0
0
0
0
0
0
0
0
0
0
0
0
-5920.7
-2171.7
-3579.6
2283.9
2982.1
6474.9
0
0
-0.3
-5553.4
-5846.6
5520.3
1102.9
4540.2
0
0
-305.8
-1197.8
-3462
-157.1
-46.2
9460.4
0
0
-4562.6
-912.2
-1549.3
843.4
132.1
704.3
0
0
-1732
-2472.9
-573.6
4426.8
-2261.1
3386.3
0
0
0
0.1
-5974.1
-210.5
-1848.2
3377.6
0
0
2.7
5221.8
-10770.5
-870.7
-1155.9
345.1
0
0
0
11806.4
-605.2
-3913.9
21.7
5020.9
0
0
1.5
0.2
0
0
0
-1.9
0
0
0
0
1.9
-1.7
0
0
0
0
1.6
0.3
0
0
0
-1.9
0
0
0
0
1.6
-1.3
-0.3
0
0
0
1.6
0
0
0
0
-1.6
0
0
0
0
-0.3
0
0.3
0.3
0
0
1.9
-0.3
-2
-0.8
-0.2
3
0
0
0
-1.9
-1.2
0
0
1.2
0
0
0
0
0
0
0
0
0
0
0
0
0
0
0
0
0
0
0
0
0
0
0
0
0
0
0
0
0
0
0
0
0
0
0
0
0
0
0
0
0
0
0
0
0
0
0
0
0
0
0
0
0
0
0
0
0
0
0
0
0
0
0
0
0
0
-2486.4
-1681.2
-2172.9
1751.1
2924.7
2088.8
0
0
-27.7
-4090.2
-4242.7
4669.3
1089.7
1935.8
0
0
-161.1
-733.5
-2873
249.1
537.5
4717.4
0
0
-2837.4
228.8
-1315.3
-718
1288
6.4
0
0
657.1
-567.1
-1620.2
2189.3
-358.4
2038.5
0
0
0
-101.4
-5447
-2643.1
2569.9
2385.5
0
0
7.5
4842.6
-4974.6
-4391.8
-1088.3
-364.8
0
0
1687.3
0
6395.4
-5181.6
1285.9
4532.1
0
0
550.2
0.5
0.1
-20.2
-1.6
-507.1
0
0
0
-0.8
1.7
-531
-0.1
-0.1
0
0
-0.8
-0.2
0
0
0.1
-20.5
0
0
0.1
12.9
7.4
0.3
530.5
0
0
0
20.2
-0.3
0
-21.4
530.3
0.8
0
0
0
-0.4
-1
-20.2
0
0.3
0
0
0.1
20.3
508.1
0
0.6
-529.7
0
0
21.3
-0.2
-550.2
-0.8
0
0.8
0
0
0
0
0
0
0
0
0
0
0
0
0
0
0
0
0
0
0
0
0
0
0
0
0
0
0
0
0
0
0
0
0
0
0
0
0
0
0
0
0
0
0
0
0
0
0
0
0
0
0
0
0
0
0
0
0
0
0
0
0
0
0
0
0
0
7148.9
-3074.4
516.5
-3071.1
2165.8
-3222.5
0
0
7.5
3688.9
-5111.5
3506.9
-344.4
-2985.6
0
0
277
-3063.9
3740
-294.6
2352.6
-3595.9
0
0
2784.6
1309.2
-2578.4
-1335.4
2190.5
175.7
0
0
3986.5
727.1
244.3
-832.3
-5153.8
1767.4
0
0
0
-602.1
-5176.5
-3789.2
3109.1
1452.5
0
0
300.4
16992.7
-7211.3
-1769.4
-1525.2
-4592
0
0
13322.1
-1513.4
6084.9
-16881
-130.8
3.6
0
0
-169
-1204.5
1005.1
-88.8
235.6
193
0
0
0.1
-45.2
-400.1
531
-149.5
-33.5
0
0
70
34.9
-269.8
-127.9
-31.3
511.2
0
0
62.4
92.2
-481.8
686.7
-712.2
0
0
0
99.8
43.6
-114.4
-282.2
-668.3
857.9
0
0
0
18.1
-304.7
-22.4
-130.3
38.7
0
0
0
878.2
-2162.2
761.1
129.2
305.8
0
0
-616.2
344.8
-99
1213.9
0
0
0
0
0
0
0
0
0
0
0
0
0
0
0
0
0
0
0
0
0
0
0
0
0
0
0
0
0
0
0
0
0
0
0
0
0
0
0
0
0
0
0
0
0
0
0
0
0
0
0
0
0
0
0
0
0
0
0
0
0
0
0
0
0
0
0
0
6681.5
-228
939.3
-1230.1
-141.3
-3642.9
0
0
504.6
7445.1
-2855.3
-1890.7
-1408.1
-2276.3
0
0
265.5
-2216.3
-1423.8
-1534.1
-822.7
-2440.4
0
0
7959.5
499.8
-955.1
-5334.3
-776.9
-78
0
0
691.8
1003.7
4404.2
-3777.6
-550.3
1969.2
0
0
0
-400.6
4100.8
-3142.7
4762.3
-2268.8
0
0
1609.7
5220.1
4850.5
-4898.3
-177.6
-6125.6
0
0
6896.2
3777.8
-3181.3
-177.5
-9627
0
0
0
402.9
-112.5
19.9
-37.3
-9.2
-241.5
0
0
0
-726.1
779.1
-641.6
-42
508.2
0
0
143.1
454.5
-509.3
-102.1
-10.9
-23.1
0
0
-157
640.9
-156.9
-618.2
31.7
659.8
0
0
-456.9
630.5
-132.3
-783.8
-355.8
927.6
0
0
0
-16.5
157.3
-539.8
371.7
4.5
0
0
3.8
-1045.4
551.3
208.7
170.2
-425
0
0
419.7
351.9
21.4
27
-342.5
0
0
0
0
0
0
0
0
0
0
0
0
0
0
0
0
0
0
0
0
0
0
0
0
0
0
0
0
0
0
0
0
0
0
0
0
0
0
0
0
0
0
0
0
0
0
0
0
0
0
0
0
0
0
0
0
0
0
0
0
0
0
0
0
0
0
0
9496.2
-147.7
1701.3
-2610.7
-272.7
-6255.1
0
0
1601.2
6570.2
-1673.1
-2124.6
-2176.2
-3333.2
0
0
-715.7
810.9
-488.9
-1737.5
-412.6
-5608.5
0
0
3901.8
4565.6
-433.9
259.7
-2267.4
-721.6
0
0
3890.2
1942
1636.9
-4016.3
-2381.7
821.5
0
0
0
-566.6
2577.8
-4352.7
2489.8
-1739.7
0
0
5484.5
2603.3
6411.5
-2838.5
-100.5
-3010.6
0
0
3781.6
2705.6
972.2
-915.8
0
-13322
0
0
-939.1
-242
-2243
2418.7
705.6
936.2
0
0
-12.8
-3605.1
-406
392.3
1517
1105.8
0
0
18
-9.6
-3567.6
246
-157.9
3783.9
0
0
-2107.4
-1523.3
224.4
320.9
689.2
770.7
0
0
-1004
-122.6
-1179.5
3462.6
-20
463.3
0
0
11.1
104.6
-367.7
-92.8
0.9
369.3
0
0
-17.3
-1900.1
-526.1
2699.8
-4163.2
0
0
0
251.1
664.2
-1122
0
10.3
4163.2
0
0
0
0
0
0
0
0
0
0
0
0
0
0
0
0
0
0
0
0
0
0
0
0
0
0
0
0
0
0
0
0
0
0
0
0
0
0
0
0
0
0
0
0
0
0
0
0
0
0
0
0
0
0
0
0
0
0
0
0
0
0
0
0
0
0
9211.3
228
2118.7
-2618.3
-560.7
-6686.8
0
0
300.7
3710.8
2764.1
-2048.8
-1689.7
-3865.9
0
0
648.4
1060.3
3639.8
-1852.1
-154
-7070.3
0
0
5365.4
1274.5
111.9
-2463.1
-553.1
-916.9
0
0
4415.6
1141
1578.4
-4371.6
343.4
-1881.2
0
0
-0.2
-348.6
1377.6
-290.8
3006.8
-1699.6
0
0
679.7
1338.6
5908.4
-2776.6
-60.6
-2609.9
0
0
4941.3
2814.7
547.5
-1.6
0
-14006.5
0
